FreqDeltaNaverage = 8192
FinalNaverage = 1000
StartF = 18300, EndF = 19000, dFreq = 0
dDelta = 1000
Nstart = 0, Nend = 8192
F0 = 18396.000000, Delta0 = 5.792606
----------------------------------------------------
