FreqDeltaNaverage = 1000
FinalNaverage = 1000
StartF = 18500, EndF = 19500, dFreq = 0
dDelta = 1000
Nstart = 0, Nend = 150000
F0 = 18898.570306, Delta0 = 0.924553
----------------------------------------------------
