0,2.32671
7.32422,0.0603165
14.6484,0.088728
21.9727,0.0777835
29.2969,0.0640677
36.6211,0.132017
43.9453,0.0548407
51.2695,0.0930751
58.5938,0.0574811
65.918,0.142582
73.2422,0.0687468
80.5664,0.0888431
87.8906,0.0778898
95.2148,0.138686
102.539,0.0856232
109.863,0.0543166
117.188,0.1493
124.512,0.0401354
131.836,0.0346785
139.16,0.0803774
146.484,0.100122
153.809,0.0825355
161.133,0.0494432
168.457,0.0847462
175.781,0.0919631
183.105,0.120105
190.43,0.0240362
197.754,0.0668608
205.078,0.131943
212.402,0.0723653
219.727,0.139101
227.051,0.0517199
234.375,0.0895466
241.699,0.0227467
249.023,0.0713327
256.348,0.0928977
263.672,0.0436277
270.996,0.0445052
278.32,0.0774868
285.645,0.0741578
292.969,0.114541
300.293,0.0653284
307.617,0.0605901
314.941,0.0406328
322.266,0.0322608
329.59,0.0223533
336.914,0.121302
344.238,0.0880663
351.563,0.0801024
358.887,0.0664089
366.211,0.0284412
373.535,0.0969462
380.859,0.0332916
388.184,0.0267221
395.508,0.094281
402.832,0.0450235
410.156,0.0352284
417.48,0.0805985
424.805,0.0821897
432.129,0.0343629
439.453,0.011095
446.777,0.0982145
454.102,0.0401599
461.426,0.0347772
468.75,0.0925112
476.074,0.0532021
483.398,0.0736134
490.723,0.0606541
498.047,0.0743169
505.371,0.0814492
512.695,0.0281318
520.02,0.0385067
527.344,0.0564008
534.668,0.066612
541.992,0.0216113
549.316,0.0248407
556.641,0.0340062
563.965,0.0688169
571.289,0.0354038
578.613,0.0267091
585.938,0.0324077
593.262,0.0733798
600.586,0.0258745
607.91,0.0549617
615.234,0.00956037
622.559,0.0578611
629.883,0.010668
637.207,0.0719993
644.531,0.0211285
651.855,0.0746892
659.18,0.0785771
666.504,0.0313571
673.828,0.0496049
681.152,0.0430757
688.477,0.0744103
695.801,0.0646197
703.125,0.0563619
710.449,0.0176277
717.773,0.050574
725.098,0.0239955
732.422,0.0363712
739.746,0.0683753
747.07,0.0464602
754.395,0.0149608
761.719,0.0932749
769.043,0.0417178
776.367,0.0205309
783.691,0.0275809
791.016,0.0579648
798.34,0.0125611
805.664,0.0606021
812.988,0.0563957
820.313,0.0908027
827.637,0.00136272
834.961,0.0959888
842.285,0.0439812
849.609,0.0811093
856.934,0.0931347
864.258,0.0665305
871.582,0.0276865
878.906,0.0986603
886.23,0.0500367
893.555,0.0814097
900.879,0.0455017
908.203,0.107628
915.527,0.00886085
922.852,0.0161437
930.176,0.039734
937.5,0.110761
944.824,0.141008
952.148,0.0529166
959.473,0.0841508
966.797,0.011094
974.121,0.0469383
981.445,0.0192755
988.77,0.0598835
996.094,0.0512897
1003.42,0.0216202
1010.74,0.0585999
1018.07,0.0449036
1025.39,0.032982
1032.71,0.0366666
1040.04,0.0733558
1047.36,0.10077
1054.69,0.0259608
1062.01,0.0416602
1069.34,0.0527747
1076.66,0.0201496
1083.98,0.0543742
1091.31,0.060765
1098.63,0.0470281
1105.96,0.0444535
1113.28,0.0508813
1120.61,0.100391
1127.93,0.0351565
1135.25,0.083682
1142.58,0.0254787
1149.9,0.0528044
1157.23,0.0416338
1164.55,0.0646999
1171.88,0.0345502
1179.2,0.0203678
1186.52,0.0418189
1193.85,0.0836946
1201.17,0.0261454
1208.5,0.0423548
1215.82,0.0716301
1223.14,0.108707
1230.47,0.0369277
1237.79,0.109479
1245.12,0.0227985
1252.44,0.0434089
1259.77,0.083948
1267.09,0.0813349
1274.41,0.0205965
1281.74,0.0546756
1289.06,0.0348534
1296.39,0.0334792
1303.71,0.088026
1311.04,0.0536488
1318.36,0.0503155
1325.68,0.10161
1333.01,0.0918658
1340.33,0.173978
1347.66,0.126051
1354.98,0.0436363
1362.3,0.0481475
1369.63,0.0685816
1376.95,0.0670839
1384.28,0.00693052
1391.6,0.0556306
1398.93,0.067229
1406.25,0.087145
1413.57,0.0420454
1420.9,0.0360145
1428.22,0.0256321
1435.55,0.187649
1442.87,0.154753
1450.2,0.00584601
1457.52,0.0712848
1464.84,0.100425
1472.17,0.0456101
1479.49,0.028724
1486.82,0.0480742
1494.14,0.0653857
1501.46,0.0844729
1508.79,0.0323796
1516.11,0.0172334
1523.44,0.0548643
1530.76,0.0386303
1538.09,0.256521
1545.41,0.0164114
1552.73,0.0118528
1560.06,0.0388506
1567.38,0.0847886
1574.71,0.0589322
1582.03,0.0759153
1589.36,0.019598
1596.68,0.0850697
1604,0.0339961
1611.33,0.0287199
1618.65,0.117694
1625.98,0.0306313
1633.3,0.0343538
1640.63,0.171067
1647.95,0.0458039
1655.27,0.0424172
1662.6,0.0268768
1669.92,0.0768261
1677.25,0.0140277
1684.57,0.0532826
1691.89,0.036437
1699.22,0.0821714
1706.54,0.0340229
1713.87,0.133102
1721.19,0.0975251
1728.52,0.143031
1735.84,0.241932
1743.16,0.178911
1750.49,0.0208345
1757.81,0.0463718
1765.14,0.0361806
1772.46,0.0571837
1779.79,0.101836
1787.11,0.121437
1794.43,0.0548676
1801.76,0.0215747
1809.08,0.0245589
1816.41,0.0136232
1823.73,0.096209
1831.05,0.0430803
1838.38,0.163041
1845.7,0.0607561
1853.03,0.0281599
1860.35,0.0211912
1867.68,0.036682
1875,0.0353566
1882.32,0.0346563
1889.65,0.0276781
1896.97,0.0637335
1904.3,0.0493897
1911.62,0.0304776
1918.95,0.0522879
1926.27,0.0236022
1933.59,0.0111604
1940.92,0.0385554
1948.24,0.0113313
1955.57,0.0134425
1962.89,0.0324866
1970.21,0.0156844
1977.54,0.0223901
1984.86,0.0150692
1992.19,0.0467771
1999.51,0.0310313
2006.84,0.0210902
2014.16,0.0349633
2021.48,0.0658272
2028.81,0.0809515
2036.13,0.144757
2043.46,0.0775785
2050.78,0.0143317
2058.11,0.0764124
2065.43,0.0150918
2072.75,0.0494196
2080.08,0.0450838
2087.4,0.0673199
2094.73,0.0671403
2102.05,0.00717328
2109.38,0.0874307
2116.7,0.0948482
2124.02,0.0509063
2131.35,0.0143039
2138.67,0.0620864
2146,0.026903
2153.32,0.06282
2160.64,0.0451069
2167.97,0.0573191
2175.29,0.0379834
2182.62,0.0528494
2189.94,0.0202416
2197.27,0.057851
2204.59,0.100553
2211.91,0.0651606
2219.24,0.027029
2226.56,0.0802412
2233.89,0.0597425
2241.21,0.0457803
2248.54,0.0565642
2255.86,0.0281932
2263.18,0.041811
2270.51,0.0675675
2277.83,0.134632
2285.16,0.0763716
2292.48,0.0525752
2299.8,0.0340241
2307.13,0.047022
2314.45,0.0381936
2321.78,0.0235141
2329.1,0.104062
2336.43,0.0697314
2343.75,0.0239179
2351.07,0.0116533
2358.4,0.0339545
2365.72,0.0288289
2373.05,0.0155011
2380.37,0.0737522
2387.7,0.011857
2395.02,0.0514061
2402.34,0.00951372
2409.67,0.0538749
2416.99,0.0371202
2424.32,0.0506804
2431.64,0.0425936
2438.96,0.0512581
2446.29,0.0628803
2453.61,0.0596349
2460.94,0.0422232
2468.26,0.0776276
2475.59,0.0267246
2482.91,0.0596305
2490.23,0.0605754
2497.56,0.0846159
2504.88,0.0575423
2512.21,0.0254106
2519.53,0.0591494
2526.86,0.0284134
2534.18,0.0460409
2541.5,0.0697652
2548.83,0.0488035
2556.15,0.012074
2563.48,0.0772799
2570.8,0.0500296
2578.13,0.0369391
2585.45,0.0215875
2592.77,0.0670468
2600.1,0.0732805
2607.42,0.0587997
2614.75,0.0543705
2622.07,0.0508369
2629.39,0.0885801
2636.72,0.104477
2644.04,0.0491761
2651.37,0.00987779
2658.69,0.0225614
2666.02,0.0457979
2673.34,0.0987272
2680.66,0.0281785
2687.99,0.0232486
2695.31,0.0321022
2702.64,0.0485259
2709.96,0.0605702
2717.29,0.0306452
2724.61,0.0737683
2731.93,0.0759451
2739.26,0.065015
2746.58,0.033559
2753.91,0.0880449
2761.23,0.0363366
2768.55,0.0428626
2775.88,0.113872
2783.2,0.0285599
2790.53,0.0122895
2797.85,0.062103
2805.18,0.0155041
2812.5,0.051025
2819.82,0.0691689
2827.15,0.0465022
2834.47,0.00609961
2841.8,0.0488689
2849.12,0.0782637
2856.45,0.0290662
2863.77,0.0678198
2871.09,0.0516879
2878.42,0.0727672
2885.74,0.0157946
2893.07,0.0867648
2900.39,0.0167687
2907.71,0.0648493
2915.04,0.0625567
2922.36,0.122837
2929.69,0.117595
2937.01,0.0627822
2944.34,0.0861719
2951.66,0.0413972
2958.98,0.0183424
2966.31,0.0288228
2973.63,0.0380989
2980.96,0.0186929
2988.28,0.0760969
2995.61,0.0888544
3002.93,0.0344021
3010.25,0.0501379
3017.58,0.0356743
3024.9,0.177589
3032.23,0.107475
3039.55,0.0647517
3046.88,0.0598682
3054.2,0.019779
3061.52,0.0812814
3068.85,0.0377708
3076.17,0.0849766
3083.5,0.0346247
3090.82,0.0492059
3098.14,0.0808867
3105.47,0.0615778
3112.79,0.0147209
3120.12,0.11831
3127.44,0.1798
3134.77,0.0495207
3142.09,0.0718668
3149.41,0.0257446
3156.74,0.0369355
3164.06,0.0427574
3171.39,0.0573193
3178.71,0.0358317
3186.04,0.0632
3193.36,0.0430347
3200.68,0.0539924
3208.01,0.106129
3215.33,0.0728472
3222.66,0.452253
3229.98,0.42674
3237.3,0.178517
3244.63,0.119355
3251.95,0.0912119
3259.28,0.0579789
3266.6,0.0728582
3273.93,0.0578912
3281.25,0.123713
3288.57,0.0364931
3295.9,0.0616763
3303.22,0.0360792
3310.55,0.0259112
3317.87,0.0740484
3325.2,0.0528253
3332.52,0.0296966
3339.84,0.00960412
3347.17,0.0318883
3354.49,0.0378923
3361.82,0.0928349
3369.14,0.0615147
3376.46,0.0857957
3383.79,0.0316207
3391.11,0.145849
3398.44,0.0122263
3405.76,0.0964893
3413.09,0.020134
3420.41,0.0359108
3427.73,0.0855358
3435.06,0.012113
3442.38,0.0848335
3449.71,0.0398583
3457.03,0.0461144
3464.36,0.0512648
3471.68,0.0128631
3479,0.0692891
3486.33,0.0822237
3493.65,0.0779844
3500.98,0.0951092
3508.3,0.0581949
3515.63,0.0510663
3522.95,0.0538138
3530.27,0.0968978
3537.6,0.043368
3544.92,0.0877846
3552.25,0.0175153
3559.57,0.0290939
3566.89,0.0379576
3574.22,0.0273632
3581.54,0.0859651
3588.87,0.0571509
3596.19,0.0447606
3603.52,0.0691855
3610.84,0.0305459
3618.16,0.0128149
3625.49,0.0419936
3632.81,0.0343874
3640.14,0.0165131
3647.46,0.0775809
3654.79,0.0259938
3662.11,0.0301569
3669.43,0.0936487
3676.76,0.0354346
3684.08,0.0504352
3691.41,0.0183017
3698.73,0.0482429
3706.05,0.0714813
3713.38,0.0127893
3720.7,0.0898775
3728.03,0.0196067
3735.35,0.0366081
3742.68,0.0176287
3750,0.0337541
3757.32,0.0266791
3764.65,0.0344439
3771.97,0.0420701
3779.3,0.0219183
3786.62,0.077673
3793.95,0.0542773
3801.27,0.0376108
3808.59,0.0420858
3815.92,0.107285
3823.24,0.0356624
3830.57,0.0108414
3837.89,0.0448943
3845.21,0.0451392
3852.54,0.0189712
3859.86,0.0374887
3867.19,0.103371
3874.51,0.0830129
3881.84,0.0637767
3889.16,0.0704085
3896.48,0.086866
3903.81,0.0897077
3911.13,0.0279776
3918.46,0.0828037
3925.78,0.0774116
3933.11,0.0806023
3940.43,0.0461706
3947.75,0.0304642
3955.08,0.0279802
3962.4,0.0911875
3969.73,0.0271291
3977.05,0.0712149
3984.38,0.0353152
3991.7,0.027546
3999.02,0.0718489
4006.35,0.0101463
4013.67,0.0438183
4021,0.0706328
4028.32,0.0349947
4035.64,0.0662545
4042.97,0.0371188
4050.29,0.0324722
4057.62,0.0354124
4064.94,0.0458491
4072.27,0.0431582
4079.59,0.105491
4086.91,0.0421828
4094.24,0.00874179
4101.56,0.0206777
4108.89,0.0346873
4116.21,0.0760778
4123.54,0.0624226
4130.86,0.0664982
4138.18,0.086703
4145.51,0.0376949
4152.83,0.0220552
4160.16,0.0581517
4167.48,0.0671986
4174.8,0.0613316
4182.13,0.0164309
4189.45,0.039539
4196.78,0.018148
4204.1,0.037694
4211.43,0.0355248
4218.75,0.0845615
4226.07,0.0484388
4233.4,0.0625354
4240.72,0.0637375
4248.05,0.104651
4255.37,0.0523027
4262.7,0.083123
4270.02,0.0347734
4277.34,0.0306204
4284.67,0.0372396
4291.99,0.0701051
4299.32,0.0198528
4306.64,0.0411325
4313.96,0.0340061
4321.29,0.0613274
4328.61,0.0600751
4335.94,0.0493382
4343.26,0.071654
4350.59,0.0368567
4357.91,0.100292
4365.23,0.047937
4372.56,0.0258216
4379.88,0.101291
4387.21,0.0176728
4394.53,0.107366
4401.86,0.0599986
4409.18,0.0395495
4416.5,0.0402298
4423.83,0.0985768
4431.15,0.0386041
4438.48,0.102152
4445.8,0.0606513
4453.13,0.0641116
4460.45,0.070991
4467.77,0.0514649
4475.1,0.0530524
4482.42,0.00733553
4489.75,0.0201063
4497.07,0.0658756
4504.39,0.0830958
4511.72,0.0564532
4519.04,0.0836948
4526.37,0.060042
4533.69,0.0234
4541.02,0.0415611
4548.34,0.0556299
4555.66,0.0111845
4562.99,0.0348825
4570.31,0.0185458
4577.64,0.0119694
4584.96,0.0165719
4592.29,0.118527
4599.61,0.0514652
4606.93,0.102914
4614.26,0.102029
4621.58,0.0237634
4628.91,0.0756983
4636.23,0.0722303
4643.55,0.0710327
4650.88,0.0740295
4658.2,0.0335141
4665.53,0.0533954
4672.85,0.0106723
4680.18,0.0580402
4687.5,0.0206508
4694.82,0.0237759
4702.15,0.11248
4709.47,0.0184013
4716.8,0.0601352
4724.12,0.0310392
4731.45,0.0375635
4738.77,0.0948743
4746.09,0.0807426
4753.42,0.0799791
4760.74,0.00458555
4768.07,0.0239412
4775.39,0.0732402
4782.71,0.034732
4790.04,0.0377678
4797.36,0.0249549
4804.69,0.0461917
4812.01,0.012776
4819.34,0.0242183
4826.66,0.0365029
4833.98,0.0437424
4841.31,0.0290244
4848.63,0.0359023
4855.96,0.061374
4863.28,0.0180356
4870.61,0.0827209
4877.93,0.0472615
4885.25,0.0358497
4892.58,0.061454
4899.9,0.0750238
4907.23,0.0194672
4914.55,0.0527437
4921.88,0.043073
4929.2,0.0348417
4936.52,0.0169724
4943.85,0.0165976
4951.17,0.0409477
4958.5,0.036394
4965.82,0.0893585
4973.14,0.037455
4980.47,0.0741438
4987.79,0.0564369
4995.12,0.0706972
5002.44,0.0712309
5009.77,0.0271454
5017.09,0.038324
5024.41,0.0328957
5031.74,0.0059802
5039.06,0.0112308
5046.39,0.0514109
5053.71,0.047144
5061.04,0.0281687
5068.36,0.0693429
5075.68,0.0300701
5083.01,0.0743572
5090.33,0.0908239
5097.66,0.0310249
5104.98,0.0783561
5112.3,0.0368869
5119.63,0.0481908
5126.95,0.0511766
5134.28,0.0404647
5141.6,0.0582789
5148.93,0.0533923
5156.25,0.0843777
5163.57,0.0810789
5170.9,0.00850027
5178.22,0.0319166
5185.55,0.108481
5192.87,0.0232608
5200.2,0.0515274
5207.52,0.0459852
5214.84,0.0373114
5222.17,0.0629023
5229.49,0.102892
5236.82,0.112962
5244.14,0.0459196
5251.46,0.0499997
5258.79,0.072627
5266.11,0.0926424
5273.44,0.0715892
5280.76,0.045844
5288.09,0.0361675
5295.41,0.0146193
5302.73,0.033013
5310.06,0.0411
5317.38,0.108105
5324.71,0.0527404
5332.03,0.0708629
5339.36,0.0559857
5346.68,0.0998998
5354,0.0590378
5361.33,0.0810514
5368.65,0.00768619
5375.98,0.0712948
5383.3,0.0485113
5390.63,0.0422743
5397.95,0.0145408
5405.27,0.0693745
5412.6,0.0447538
5419.92,0.0567312
5427.25,0.0403708
5434.57,0.0806584
5441.89,0.0584067
5449.22,0.0585803
5456.54,0.0164623
5463.87,0.040006
5471.19,0.0664709
5478.52,0.0649304
5485.84,0.0020556
5493.16,0.0434673
5500.49,0.0345523
5507.81,0.0238606
5515.14,0.0194918
5522.46,0.06695
5529.79,0.0229955
5537.11,0.062555
5544.43,0.0581645
5551.76,0.0412119
5559.08,0.0214249
5566.41,0.022336
5573.73,0.0658522
5581.05,0.104044
5588.38,0.0699265
5595.7,0.0555285
5603.03,0.0464431
5610.35,0.0567603
5617.68,0.0557081
5625,0.0403448
5632.32,0.0175973
5639.65,0.0426482
5646.97,0.0187321
5654.3,0.0243372
5661.62,0.0234643
5668.95,0.0331721
5676.27,0.100247
5683.59,0.0594645
5690.92,0.0413487
5698.24,0.0662402
5705.57,0.0748181
5712.89,0.0262452
5720.21,0.0694964
5727.54,0.0380314
5734.86,0.125352
5742.19,0.0122827
5749.51,0.0170617
5756.84,0.050566
5764.16,0.0162736
5771.48,0.0415469
5778.81,0.0326481
5786.13,0.0235073
5793.46,0.00321606
5800.78,0.0330341
5808.11,0.0527818
5815.43,0.0164486
5822.75,0.0490776
5830.08,0.0969854
5837.4,0.0522882
5844.73,0.0722053
5852.05,0.0189919
5859.38,0.0176942
5866.7,0.059404
5874.02,0.0692999
5881.35,0.0648819
5888.67,0.0423362
5896,0.072263
5903.32,0.025128
5910.64,0.0443547
5917.97,0.0339276
5925.29,0.0123636
5932.62,0.101563
5939.94,0.0937816
5947.27,0.0560104
5954.59,0.0632575
5961.91,0.041785
5969.24,0.0237937
5976.56,0.0567243
5983.89,0.0453502
5991.21,0.0105488
5998.54,0.0185164
6005.86,0.0773285
6013.18,0.0384601
6020.51,0.0352018
6027.83,0.0456413
6035.16,0.0289681
6042.48,0.0743696
6049.8,0.0692287
6057.13,0.0913605
6064.45,0.0526644
6071.78,0.0294141
6079.1,0.0121653
6086.43,0.060968
6093.75,0.0320177
6101.07,0.0343012
6108.4,0.0568762
6115.72,0.0301616
6123.05,0.0929833
6130.37,0.00756177
6137.7,0.0321808
6145.02,0.0732672
6152.34,0.0158886
6159.67,0.0735196
6166.99,0.0285037
6174.32,0.0649153
6181.64,0.0417695
6188.96,0.0631821
6196.29,0.0414973
6203.61,0.0458761
6210.94,0.0224357
6218.26,0.0736421
6225.59,0.0350534
6232.91,0.0594841
6240.23,0.0367065
6247.56,0.0104736
6254.88,0.0292681
6262.21,0.0867087
6269.53,0.0261901
6276.86,0.14414
6284.18,0.0703211
6291.5,0.0321822
6298.83,0.0805562
6306.15,0.0389141
6313.48,0.0377418
6320.8,0.0974135
6328.13,0.113639
6335.45,0.0674654
6342.77,0.0752827
6350.1,0.106026
6357.42,0.00674488
6364.75,0.0611938
6372.07,0.0264244
6379.39,0.0310279
6386.72,0.00931847
6394.04,0.0366794
6401.37,0.0499708
6408.69,0.0657692
6416.02,0.0854056
6423.34,0.0515511
6430.66,0.0715351
6437.99,0.0214584
6445.31,0.0526431
6452.64,0.0429432
6459.96,0.0515463
6467.29,0.0314703
6474.61,0.107532
6481.93,0.0347895
6489.26,0.0278431
6496.58,0.0552759
6503.91,0.0410834
6511.23,0.0463698
6518.55,0.095636
6525.88,0.0599178
6533.2,0.0378635
6540.53,0.0283204
6547.85,0.0306698
6555.18,0.0154802
6562.5,0.00872277
6569.82,0.0360394
6577.15,0.00364091
6584.47,0.0283397
6591.8,0.0316374
6599.12,0.0135703
6606.45,0.0614295
6613.77,0.0362696
6621.09,0.0540845
6628.42,0.0104275
6635.74,0.0558902
6643.07,0.0433962
6650.39,0.05169
6657.71,0.0618958
6665.04,0.093872
6672.36,0.0930123
6679.69,0.0704189
6687.01,0.0446336
6694.34,0.0731487
6701.66,0.0892535
6708.98,0.0679721
6716.31,0.0179903
6723.63,0.024684
6730.96,0.077024
6738.28,0.0361556
6745.61,0.041175
6752.93,0.0239786
6760.25,0.0948475
6767.58,0.0758954
6774.9,0.0142771
6782.23,0.0376969
6789.55,0.0618311
6796.88,0.0723183
6804.2,0.094724
6811.52,0.0483933
6818.85,0.0663828
6826.17,0.058207
6833.5,0.0552542
6840.82,0.0197576
6848.14,0.0959722
6855.47,0.0468455
6862.79,0.0174266
6870.12,0.0370689
6877.44,0.0249613
6884.77,0.0561283
6892.09,0.123397
6899.41,0.0503988
6906.74,0.0471745
6914.06,0.0242123
6921.39,0.0509261
6928.71,0.0589992
6936.04,0.0131173
6943.36,0.0612434
6950.68,0.0506311
6958.01,0.0366026
6965.33,0.0250283
6972.66,0.0359408
6979.98,0.0655217
6987.3,0.0368076
6994.63,0.0050318
7001.95,0.0341559
7009.28,0.0152864
7016.6,0.0186657
7023.93,0.0635904
7031.25,0.0172186
7038.57,0.0459554
7045.9,0.0160013
7053.22,0.0378519
7060.55,0.0376414
7067.87,0.037248
7075.2,0.0868089
7082.52,0.0234254
7089.84,0.0544175
7097.17,0.0213802
7104.49,0.0572562
7111.82,0.0302288
7119.14,0.0372923
7126.46,0.0684373
7133.79,0.0480488
7141.11,0.0243192
7148.44,0.0548198
7155.76,0.0796228
7163.09,0.0264437
7170.41,0.0759702
7177.73,0.0894556
7185.06,0.048704
7192.38,0.0872055
7199.71,0.0125034
7207.03,0.0536096
7214.36,0.0373257
7221.68,0.0213529
7229,0.0471778
7236.33,0.0635036
7243.65,0.032876
7250.98,0.0267974
7258.3,0.11573
7265.63,0.0563484
7272.95,0.0382574
7280.27,0.0634732
7287.6,0.028073
7294.92,0.0162661
7302.25,0.0277032
7309.57,0.0543419
7316.89,0.0227819
7324.22,0.0698537
7331.54,0.0622056
7338.87,0.0284854
7346.19,0.0436418
7353.52,0.0106319
7360.84,0.0549724
7368.16,0.0340781
7375.49,0.0952819
7382.81,0.024815
7390.14,0.0461344
7397.46,0.105105
7404.79,0.0176287
7412.11,0.0726236
7419.43,0.039578
7426.76,0.0514698
7434.08,0.00306977
7441.41,0.030149
7448.73,0.007207
7456.05,0.0246725
7463.38,0.0486918
7470.7,0.0489755
7478.03,0.149251
7485.35,0.0604805
7492.68,0.0474656
7500,0.0889275
7507.32,0.0976117
7514.65,0.0186796
7521.97,0.0600967
7529.3,0.0559486
7536.62,0.0785378
7543.95,0.0473783
7551.27,0.0870982
7558.59,0.0306443
7565.92,0.0900544
7573.24,0.0720498
7580.57,0.0566346
7587.89,0.0405878
7595.21,0.0650569
7602.54,0.0237248
7609.86,0.0324233
7617.19,0.0298657
7624.51,0.0494052
7631.84,0.0433681
7639.16,0.0565393
7646.48,0.068784
7653.81,0.0389343
7661.13,0.0229575
7668.46,0.0239683
7675.78,0.0179916
7683.11,0.0586467
7690.43,0.0585137
7697.75,0.0474615
7705.08,0.0318353
7712.4,0.0185257
7719.73,0.0823418
7727.05,0.0368085
7734.38,0.057823
7741.7,0.051665
7749.02,0.0624977
7756.35,0.0687767
7763.67,0.0540366
7771,0.0750558
7778.32,0.0666213
7785.64,0.0244703
7792.97,0.037087
7800.29,0.0697156
7807.62,0.045953
7814.94,0.00608548
7822.27,0.0608289
7829.59,0.0203906
7836.91,0.0390756
7844.24,0.0490114
7851.56,0.0383328
7858.89,0.0307643
7866.21,0.0200388
7873.54,0.0883112
7880.86,0.0912445
7888.18,0.0349048
7895.51,0.0261405
7902.83,0.0320958
7910.16,0.0737712
7917.48,0.0657574
7924.8,0.0241562
7932.13,0.00258465
7939.45,0.0834944
7946.78,0.0622026
7954.1,0.0515477
7961.43,0.038429
7968.75,0.0363978
7976.07,0.0353997
7983.4,0.0102001
7990.72,0.0234052
7998.05,0.103873
8005.37,0.024485
8012.7,0.0587632
8020.02,0.0352115
8027.34,0.130984
8034.67,0.0601676
8041.99,0.0290284
8049.32,0.079638
8056.64,0.0470987
8063.96,0.00646471
8071.29,0.0887547
8078.61,0.0432275
8085.94,0.0611946
8093.26,0.0213609
8100.59,0.0567636
8107.91,0.0175855
8115.23,0.0386152
8122.56,0.0303045
8129.88,0.0826067
8137.21,0.031553
8144.53,0.0396489
8151.86,0.0124751
8159.18,0.0596822
8166.5,0.0254947
8173.83,0.0317851
8181.15,0.0121148
8188.48,0.0510064
8195.8,0.0190087
8203.13,0.0605457
8210.45,0.0922223
8217.77,0.0264094
8225.1,0.0827669
8232.42,0.0229941
8239.75,0.0187467
8247.07,0.00679698
8254.39,0.0165885
8261.72,0.0102712
8269.04,0.018683
8276.37,0.0412665
8283.69,0.0533453
8291.02,0.0237136
8298.34,0.0124941
8305.66,0.0956952
8312.99,0.0101473
8320.31,0.0311474
8327.64,0.0280614
8334.96,0.0885795
8342.29,0.024188
8349.61,0.0438722
8356.93,0.0378272
8364.26,0.0340629
8371.58,0.0360291
8378.91,0.0477864
8386.23,0.0298819
8393.55,0.0529354
8400.88,0.0407189
8408.2,0.0554015
8415.53,0.019542
8422.85,0.0653562
8430.18,0.0426417
8437.5,0.0310308
8444.82,0.058033
8452.15,0.096913
8459.47,0.0695497
8466.8,0.0274716
8474.12,0.0593258
8481.45,0.0424402
8488.77,0.0246597
8496.09,0.0397669
8503.42,0.0113224
8510.74,0.0685595
8518.07,0.0478915
8525.39,0.0400617
8532.71,0.115914
8540.04,0.0597716
8547.36,0.0820229
8554.69,0.0213381
8562.01,0.0303495
8569.34,0.0420619
8576.66,0.0447616
8583.98,0.0688206
8591.31,0.0665052
8598.63,0.0587317
8605.96,0.04564
8613.28,0.0601124
8620.61,0.076143
8627.93,0.0865866
8635.25,0.0367133
8642.58,0.0617514
8649.9,0.0264436
8657.23,0.0533827
8664.55,0.0976176
8671.88,0.00665104
8679.2,0.0196887
8686.52,0.0881254
8693.85,0.0498956
8701.17,0.0709691
8708.5,0.138719
8715.82,0.0381361
8723.14,0.0828555
8730.47,0.0196809
8737.79,0.0358511
8745.12,0.0260841
8752.44,0.0392841
8759.77,0.0829793
8767.09,0.102576
8774.41,0.0476915
8781.74,0.042908
8789.06,0.0169971
8796.39,0.0254535
8803.71,0.0471882
8811.04,0.00716647
8818.36,0.0275089
8825.68,0.0589302
8833.01,0.0649015
8840.33,0.019818
8847.66,0.075153
8854.98,0.0137984
8862.3,0.0192849
8869.63,0.0202965
8876.95,0.0559059
8884.28,0.0110854
8891.6,0.0369363
8898.93,0.0432229
8906.25,0.0641876
8913.57,0.0991388
8920.9,0.0514408
8928.22,0.0455965
8935.55,0.0890257
8942.87,0.0139134
8950.2,0.0253084
8957.52,0.0241445
8964.84,0.0368789
8972.17,0.0128302
8979.49,0.00283051
8986.82,0.0674421
8994.14,0.0732248
9001.46,0.0999514
9008.79,0.0107713
9016.11,0.0331387
9023.44,0.0192924
9030.76,0.0325205
9038.09,0.0310844
9045.41,0.0279201
9052.73,0.045387
9060.06,0.0813249
9067.38,0.0461797
9074.71,0.0448211
9082.03,0.0784802
9089.36,0.028672
9096.68,0.0184525
9104,0.0462281
9111.33,0.0396812
9118.65,0.0773682
9125.98,0.0607933
9133.3,0.0155068
9140.63,0.0159359
9147.95,0.0152128
9155.27,0.0839789
9162.6,0.0473149
9169.92,0.0934775
9177.25,0.0551964
9184.57,0.091684
9191.89,0.100331
9199.22,0.0765198
9206.54,0.0492695
9213.87,0.0661266
9221.19,0.0622114
9228.52,0.0810923
9235.84,0.0199603
9243.16,0.0311974
9250.49,0.101966
9257.81,0.0414902
9265.14,0.0994659
9272.46,0.0300637
9279.79,0.0622544
9287.11,0.0199986
9294.43,0.0866675
9301.76,0.0133418
9309.08,0.0350962
9316.41,0.0300016
9323.73,0.0246293
9331.05,0.0385541
9338.38,0.0375863
9345.7,0.063092
9353.03,0.0438904
9360.35,0.0309794
9367.68,0.038924
9375,0.0318543
9382.32,0.0756578
9389.65,0.0715973
9396.97,0.037154
9404.3,0.0562759
9411.62,0.0833953
9418.95,0.0372968
9426.27,0.0403711
9433.59,0.0251581
9440.92,0.0402672
9448.24,0.00205691
9455.57,0.0386098
9462.89,0.0528284
9470.21,0.0398856
9477.54,0.00806121
9484.86,0.0388479
9492.19,0.05657
9499.51,0.0634401
9506.84,0.0355767
9514.16,0.00855113
9521.48,0.0300124
9528.81,0.0127087
9536.13,0.0369329
9543.46,0.0625937
9550.78,0.0663481
9558.11,0.0899521
9565.43,0.0485112
9572.75,0.0987244
9580.08,0.0513038
9587.4,0.0238602
9594.73,0.0357992
9602.05,0.0467668
9609.38,0.0449826
9616.7,0.0391901
9624.02,0.0301712
9631.35,0.0212128
9638.67,0.0376367
9646,0.0700381
9653.32,0.050751
9660.64,0.0213062
9667.97,0.0978621
9675.29,0.0865148
9682.62,0.0398589
9689.94,0.0614769
9697.27,0.0588991
9704.59,0.0407964
9711.91,0.0224889
9719.24,0.0630929
9726.56,0.0502533
9733.89,0.0284211
9741.21,0.0496648
9748.54,0.0485777
9755.86,0.0656178
9763.18,0.0413356
9770.51,0.0223157
9777.83,0.0584551
9785.16,0.0395014
9792.48,0.031522
9799.8,0.0622867
9807.13,0.0360548
9814.45,0.0169949
9821.78,0.0742974
9829.1,0.0054863
9836.43,0.0368185
9843.75,0.00737896
9851.07,0.0391401
9858.4,0.0393426
9865.72,0.0568076
9873.05,0.0438637
9880.37,0.0205893
9887.7,0.0691636
9895.02,0.0299292
9902.34,0.0580626
9909.67,0.0434371
9916.99,0.0270855
9924.32,0.0406094
9931.64,0.0365126
9938.96,0.0698904
9946.29,0.0844167
9953.61,0.064004
9960.94,0.0647431
9968.26,0.0397616
9975.59,0.0561764
9982.91,0.060068
9990.23,0.0443809
9997.56,0.0436763
10004.9,0.0715969
10012.2,0.0331596
10019.5,0.0595666
10026.9,0.076648
10034.2,0.0983622
10041.5,0.0402456
10048.8,0.0246001
10056.2,0.0637347
10063.5,0.0521139
10070.8,0.0398115
10078.1,0.0792735
10085.4,0.105467
10092.8,0.0867136
10100.1,0.0189365
10107.4,0.0286203
10114.7,0.0453727
10122.1,0.0280741
10129.4,0.109165
10136.7,0.0513972
10144,0.0534343
10151.4,0.0309345
10158.7,0.0543137
10166,0.0166264
10173.3,0.0431284
10180.7,0.0361907
10188,0.013062
10195.3,0.028694
10202.6,0.0428306
10210,0.00738258
10217.3,0.00671947
10224.6,0.0632256
10231.9,0.0342685
10239.3,0.0319741
10246.6,0.0529168
10253.9,0.0708772
10261.2,0.0491013
10268.6,0.0526965
10275.9,0.0352718
10283.2,0.0373909
10290.5,0.0494896
10297.9,0.0390317
10305.2,0.06201
10312.5,0.0195917
10319.8,0.0310787
10327.1,0.0639232
10334.5,0.0366089
10341.8,0.06621
10349.1,0.0349381
10356.4,0.0148301
10363.8,0.0212974
10371.1,0.0453005
10378.4,0.0233966
10385.7,0.0762934
10393.1,0.0540549
10400.4,0.0476463
10407.7,0.0254821
10415,0.0231708
10422.4,0.0762574
10429.7,0.045158
10437,0.034068
10444.3,0.0225871
10451.7,0.0620206
10459,0.0744964
10466.3,0.0181967
10473.6,0.0223671
10481,0.0989904
10488.3,0.0334114
10495.6,0.0619519
10502.9,0.0353295
10510.3,0.0873528
10517.6,0.0663023
10524.9,0.053433
10532.2,0.0534487
10539.6,0.0359589
10546.9,0.0973164
10554.2,0.021174
10561.5,0.101924
10568.8,0.0136474
10576.2,0.0417737
10583.5,0.0425128
10590.8,0.0696804
10598.1,0.0453899
10605.5,0.0563104
10612.8,0.0337554
10620.1,0.0330443
10627.4,0.0868064
10634.8,0.119713
10642.1,0.0873225
10649.4,0.021715
10656.7,0.0606876
10664.1,0.0105545
10671.4,0.073548
10678.7,0.0340024
10686,0.0442894
10693.4,0.0572394
10700.7,0.0332648
10708,0.13057
10715.3,0.051815
10722.7,0.0473752
10730,0.0443801
10737.3,0.025091
10744.6,0.0221687
10752,0.0404805
10759.3,0.0425673
10766.6,0.0263125
10773.9,0.0891887
10781.3,0.0390439
10788.6,0.0314535
10795.9,0.0374078
10803.2,0.0598422
10810.5,0.0434676
10817.9,0.0479259
10825.2,0.0353218
10832.5,0.0249912
10839.8,0.0504172
10847.2,0.0628052
10854.5,0.0387138
10861.8,0.0627255
10869.1,0.0456883
10876.5,0.0372524
10883.8,0.0317858
10891.1,0.0206649
10898.4,0.0487247
10905.8,0.0412734
10913.1,0.0725117
10920.4,0.005719
10927.7,0.0470941
10935.1,0.0845549
10942.4,0.0296994
10949.7,0.0527937
10957,0.0826393
10964.4,0.0151488
10971.7,0.048262
10979,0.02445
10986.3,0.0211175
10993.7,0.0582964
11001,0.0439377
11008.3,0.0246488
11015.6,0.00382436
11022.9,0.0506443
11030.3,0.0666208
11037.6,0.0441726
11044.9,0.0230746
11052.2,0.0631531
11059.6,0.102776
11066.9,0.0885552
11074.2,0.0123596
11081.5,0.0290346
11088.9,0.0476188
11096.2,0.0212929
11103.5,0.0576608
11110.8,0.0262012
11118.2,0.0500407
11125.5,0.0163448
11132.8,0.0197138
11140.1,0.0784773
11147.5,0.0244403
11154.8,0.0477323
11162.1,0.0647341
11169.4,0.0385015
11176.8,0.0290056
11184.1,0.0499638
11191.4,0.0185499
11198.7,0.0609234
11206.1,0.0341058
11213.4,0.0694728
11220.7,0.0848216
11228,0.039707
11235.4,0.0246279
11242.7,0.0460962
11250,0.0765343
11257.3,0.0500051
11264.6,0.0611945
11272,0.0751756
11279.3,0.0150382
11286.6,0.12908
11293.9,0.0611146
11301.3,0.0828265
11308.6,0.0208908
11315.9,0.0316257
11323.2,0.0195492
11330.6,0.0494871
11337.9,0.0635763
11345.2,0.0362494
11352.5,0.0681674
11359.9,0.0426058
11367.2,0.022107
11374.5,0.0122178
11381.8,0.0523708
11389.2,0.0500723
11396.5,0.0580613
11403.8,0.0524161
11411.1,0.0157714
11418.5,0.0620043
11425.8,0.0469478
11433.1,0.0644411
11440.4,0.0576291
11447.8,0.0342385
11455.1,0.0399132
11462.4,0.0595992
11469.7,0.0445099
11477.1,0.0348947
11484.4,0.0989454
11491.7,0.0496357
11499,0.0751616
11506.3,0.0300485
11513.7,0.0220211
11521,0.0392693
11528.3,0.0302002
11535.6,0.0356523
11543,0.0587134
11550.3,0.0516747
11557.6,0.0337472
11564.9,0.0200561
11572.3,0.0766105
11579.6,0.0140067
11586.9,0.0673864
11594.2,0.058114
11601.6,0.0261057
11608.9,0.0369014
11616.2,0.0372005
11623.5,0.0068224
11630.9,0.0829376
11638.2,0.112917
11645.5,0.0840065
11652.8,0.0723812
11660.2,0.0290047
11667.5,0.0429668
11674.8,0.0364613
11682.1,0.0119177
11689.5,0.071107
11696.8,0.0779435
11704.1,0.0188832
11711.4,0.0719659
11718.8,0.0626
11726.1,0.0379419
11733.4,0.0557114
11740.7,0.0844003
11748,0.0478483
11755.4,0.10854
11762.7,0.00940422
11770,0.0887031
11777.3,0.0835765
11784.7,0.0331192
11792,0.071267
11799.3,0.0245383
11806.6,0.0716838
11814,0.0774364
11821.3,0.0144155
11828.6,0.0445011
11835.9,0.0987829
11843.3,0.0349677
11850.6,0.0498242
11857.9,0.0237714
11865.2,0.0928553
11872.6,0.0946394
11879.9,0.0679637
11887.2,0.0760528
11894.5,0.123734
11901.9,0.0744898
11909.2,0.0592069
11916.5,0.0385404
11923.8,0.0178474
11931.2,0.0465108
11938.5,0.0553799
11945.8,0.0209807
11953.1,0.0215002
11960.4,0.0577447
11967.8,0.0884225
11975.1,0.113783
11982.4,0.0388921
11989.7,0.0776605
11997.1,0.0970324
12004.4,0.0927766
12011.7,0.0531683
12019,0.0628746
12026.4,0.0550634
12033.7,0.0885438
12041,0.0294077
12048.3,0.0681298
12055.7,0.0518078
12063,0.0531498
12070.3,0.0253021
12077.6,0.0755918
12085,0.120873
12092.3,0.051614
12099.6,0.0318186
12106.9,0.0777268
12114.3,0.0233345
12121.6,0.0238811
12128.9,0.00991819
12136.2,0.0588751
12143.6,0.0560313
12150.9,0.0718595
12158.2,0.0270105
12165.5,0.00964079
12172.9,0.0704059
12180.2,0.0417575
12187.5,0.0446078
12194.8,0.0143026
12202.1,0.0372706
12209.5,0.0305504
12216.8,0.0416352
12224.1,0.102853
12231.4,0.0523073
12238.8,0.0303493
12246.1,0.0460174
12253.4,0.0537261
12260.7,0.0441422
12268.1,0.0288486
12275.4,0.0847294
12282.7,0.0639543
12290,0.00608141
12297.4,0.092418
12304.7,0.0177572
12312,0.0914075
12319.3,0.0487434
12326.7,0.0439762
12334,0.0221284
12341.3,0.0114843
12348.6,0.0556557
12356,0.0753175
12363.3,0.0644058
12370.6,0.111721
12377.9,0.0579223
12385.3,0.0468092
12392.6,0.00225545
12399.9,0.0427493
12407.2,0.0354082
12414.6,0.021683
12421.9,0.0297982
12429.2,0.0518489
12436.5,0.0731596
12443.8,0.0630371
12451.2,0.0338554
12458.5,0.116356
12465.8,0.101673
12473.1,0.00670998
12480.5,0.075805
12487.8,0.0562576
12495.1,0.0545979
12502.4,0.052754
12509.8,0.0463377
12517.1,0.0276047
12524.4,0.0596955
12531.7,0.0242998
12539.1,0.0777309
12546.4,0.0592922
12553.7,0.0757212
12561,0.0769884
12568.4,0.0456966
12575.7,0.0243472
12583,0.0746685
12590.3,0.0205734
12597.7,0.0207022
12605,0.0772854
12612.3,0.0475304
12619.6,0.0874652
12627,0.0566994
12634.3,0.0353219
12641.6,0.031553
12648.9,0.0261639
12656.3,0.0629001
12663.6,0.0539184
12670.9,0.0731624
12678.2,0.0462019
12685.5,0.101199
12692.9,0.0474047
12700.2,0.0258502
12707.5,0.0635564
12714.8,0.0148871
12722.2,0.107339
12729.5,0.0833375
12736.8,0.0592472
12744.1,0.0594303
12751.5,0.0217861
12758.8,0.0810048
12766.1,0.0152007
12773.4,0.0121993
12780.8,0.0418276
12788.1,0.115881
12795.4,0.0412602
12802.7,0.0438298
12810.1,0.0343543
12817.4,0.0279669
12824.7,0.08367
12832,0.0473858
12839.4,0.0527975
12846.7,0.0284853
12854,0.0489223
12861.3,0.0285026
12868.7,0.0609843
12876,0.0847363
12883.3,0.0492043
12890.6,0.0484119
12897.9,0.0780057
12905.3,0.0692814
12912.6,0.0596668
12919.9,0.0449142
12927.2,0.0385448
12934.6,0.0806046
12941.9,0.0301927
12949.2,0.0540375
12956.5,0.0308559
12963.9,0.0664176
12971.2,0.028782
12978.5,0.0928597
12985.8,0.039759
12993.2,0.0784817
13000.5,0.0562454
13007.8,0.0397791
13015.1,0.0980422
13022.5,0.0417744
13029.8,0.036278
13037.1,0.00906509
13044.4,0.00724095
13051.8,0.0103592
13059.1,0.0396787
13066.4,0.0770763
13073.7,0.0361804
13081.1,0.0150806
13088.4,0.0113231
13095.7,0.0296899
13103,0.0811284
13110.4,0.0964331
13117.7,0.0961609
13125,0.0763598
13132.3,0.0527956
13139.6,0.122423
13147,0.0094687
13154.3,0.065139
13161.6,0.0668742
13168.9,0.0393626
13176.3,0.035903
13183.6,0.0549047
13190.9,0.0354909
13198.2,0.0606076
13205.6,0.0866545
13212.9,0.026241
13220.2,0.0630316
13227.5,0.038727
13234.9,0.0399275
13242.2,0.0218728
13249.5,0.0413732
13256.8,0.0706711
13264.2,0.112024
13271.5,0.0882351
13278.8,0.0515815
13286.1,0.056464
13293.5,0.040596
13300.8,0.0692849
13308.1,0.0699588
13315.4,0.0738441
13322.8,0.0453885
13330.1,0.0247735
13337.4,0.0304378
13344.7,0.0565242
13352.1,0.0462112
13359.4,0.0564556
13366.7,0.0558824
13374,0.0816624
13381.3,0.0985407
13388.7,0.0339082
13396,0.0242384
13403.3,0.0120887
13410.6,0.0603328
13418,0.0230795
13425.3,0.0316929
13432.6,0.063283
13439.9,0.0188811
13447.3,0.0545546
13454.6,0.0490607
13461.9,0.0792317
13469.2,0.142599
13476.6,0.0950292
13483.9,0.0460176
13491.2,0.0835082
13498.5,0.0361337
13505.9,0.0868377
13513.2,0.0925421
13520.5,0.0584659
13527.8,0.0425142
13535.2,0.0913217
13542.5,0.0391816
13549.8,0.0122053
13557.1,0.0660506
13564.5,0.105888
13571.8,0.0586833
13579.1,0.0644135
13586.4,0.0298713
13593.8,0.0929773
13601.1,0.0442003
13608.4,0.0503843
13615.7,0.0407155
13623,0.099972
13630.4,0.0218895
13637.7,0.0756332
13645,0.0420914
13652.3,0.0498791
13659.7,0.0485807
13667,0.0469312
13674.3,0.0551049
13681.6,0.0416474
13689,0.0692292
13696.3,0.028477
13703.6,0.0388445
13710.9,0.0303912
13718.3,0.0942481
13725.6,0.0148381
13732.9,0.0121269
13740.2,0.0677343
13747.6,0.0396741
13754.9,0.0326487
13762.2,0.0418202
13769.5,0.00994696
13776.9,0.0432375
13784.2,0.00143734
13791.5,0.0648683
13798.8,0.0644377
13806.2,0.0647793
13813.5,0.0859546
13820.8,0.0477729
13828.1,0.0906204
13835.4,0.0605763
13842.8,0.0697048
13850.1,0.020446
13857.4,0.0395176
13864.7,0.033041
13872.1,0.10014
13879.4,0.0188686
13886.7,0.0876867
13894,0.0616562
13901.4,0.0691318
13908.7,0.0357143
13916,0.00450233
13923.3,0.035088
13930.7,0.107582
13938,0.0614176
13945.3,0.0539711
13952.6,0.0304422
13960,0.0547315
13967.3,0.0125533
13974.6,0.0285244
13981.9,0.14007
13989.3,0.0752346
13996.6,0.0448611
14003.9,0.0600495
14011.2,0.0698268
14018.6,0.048084
14025.9,0.0299841
14033.2,0.0204826
14040.5,0.106975
14047.9,0.00390838
14055.2,0.0854501
14062.5,0.0582235
14069.8,0.0612768
14077.1,0.100174
14084.5,0.0613621
14091.8,0.0228252
14099.1,0.0269707
14106.4,0.0516703
14113.8,0.0728614
14121.1,0.0241992
14128.4,0.16382
14135.7,0.0161013
14143.1,0.00615395
14150.4,0.0611146
14157.7,0.0511637
14165,0.139919
14172.4,0.0419692
14179.7,0.111051
14187,0.0385964
14194.3,0.0721132
14201.7,0.0734687
14209,0.0983993
14216.3,0.0996058
14223.6,0.0232657
14231,0.054688
14238.3,0.0622328
14245.6,0.0788736
14252.9,0.0347666
14260.3,0.00816821
14267.6,0.0316484
14274.9,0.0421959
14282.2,0.0617654
14289.6,0.0697669
14296.9,0.0196775
14304.2,0.0865753
14311.5,0.0370489
14318.8,0.0744625
14326.2,0.0650649
14333.5,0.048869
14340.8,0.0566958
14348.1,0.132151
14355.5,0.0228441
14362.8,0.0569081
14370.1,0.117828
14377.4,0.0831166
14384.8,0.0429239
14392.1,0.0303755
14399.4,0.0715317
14406.7,0.121385
14414.1,0.0703268
14421.4,0.0279443
14428.7,0.065548
14436,0.0449197
14443.4,0.0297581
14450.7,0.05162
14458,0.0414078
14465.3,0.0659537
14472.7,0.182956
14480,0.100917
14487.3,0.0938283
14494.6,0.0535809
14502,0.11392
14509.3,0.137888
14516.6,0.0829488
14523.9,0.06765
14531.3,0.0173818
14538.6,0.0676001
14545.9,0.100246
14553.2,0.0548632
14560.5,0.0642929
14567.9,0.102998
14575.2,0.0775515
14582.5,0.082845
14589.8,0.0771256
14597.2,0.127658
14604.5,0.0742948
14611.8,0.149354
14619.1,0.0520104
14626.5,0.102167
14633.8,0.100366
14641.1,0.0892222
14648.4,0.100749
14655.8,0.115079
14663.1,0.0569855
14670.4,0.0480594
14677.7,0.109008
14685.1,0.00673562
14692.4,0.073888
14699.7,0.0152263
14707,0.0947713
14714.4,0.0574648
14721.7,0.0693592
14729,0.10228
14736.3,0.0549855
14743.7,0.136185
14751,0.0996197
14758.3,0.154152
14765.6,0.114903
14772.9,0.0256313
14780.3,0.0774826
14787.6,0.13648
14794.9,0.130309
14802.2,0.0620067
14809.6,0.0478861
14816.9,0.0357299
14824.2,0.0596386
14831.5,0.0646746
14838.9,0.0316308
14846.2,0.056783
14853.5,0.0542062
14860.8,0.0842246
14868.2,0.0521397
14875.5,0.112076
14882.8,0.0749845
14890.1,0.0685114
14897.5,0.0630001
14904.8,0.109643
14912.1,0.0419994
14919.4,0.0611848
14926.8,0.0439191
14934.1,0.0153447
14941.4,0.0767368
14948.7,0.0194999
14956.1,0.0160268
14963.4,0.0301757
14970.7,0.0770556
14978,0.022324
14985.4,0.069733
14992.7,0.0297645
15000,0.124564
15007.3,0.0774808
15014.6,0.0159916
15022,0.0966384
15029.3,0.111842
15036.6,0.0208438
15043.9,0.197869
15051.3,0.0763769
15058.6,0.0714075
15065.9,0.010334
15073.2,0.0259555
15080.6,0.181998
15087.9,0.098025
15095.2,0.0742978
15102.5,0.0425544
15109.9,0.0629773
15117.2,0.0246927
15124.5,0.0732899
15131.8,0.0272833
15139.2,0.0240117
15146.5,0.0508894
15153.8,0.0733152
15161.1,0.0461229
15168.5,0.165536
15175.8,0.0383347
15183.1,0.0107511
15190.4,0.143357
15197.8,0.0849274
15205.1,0.0426959
15212.4,0.179313
15219.7,0.122763
15227.1,0.102289
15234.4,0.0871948
15241.7,0.0445042
15249,0.0573092
15256.3,0.093576
15263.7,0.0511378
15271,0.0309814
15278.3,0.0807766
15285.6,0.0403599
15293,0.0960469
15300.3,0.029999
15307.6,0.0556465
15314.9,0.136295
15322.3,0.0602094
15329.6,0.0684779
15336.9,0.0618774
15344.2,0.0672822
15351.6,0.0393668
15358.9,0.11025
15366.2,0.0346098
15373.5,0.0342231
15380.9,0.0427738
15388.2,0.0384108
15395.5,0.131417
15402.8,0.0841598
15410.2,0.118099
15417.5,0.0921682
15424.8,0.0600492
15432.1,0.0621267
15439.5,0.0744812
15446.8,0.0305211
15454.1,0.10582
15461.4,0.151247
15468.8,0.0278506
15476.1,0.036917
15483.4,0.0356539
15490.7,0.0646995
15498,0.0096705
15505.4,0.0572974
15512.7,0.0520058
15520,0.0758887
15527.3,0.0509097
15534.7,0.069988
15542,0.0778241
15549.3,0.133927
15556.6,0.0797376
15564,0.0184524
15571.3,0.0589771
15578.6,0.133381
15585.9,0.0409663
15593.3,0.0989098
15600.6,0.0384083
15607.9,0.168166
15615.2,0.328976
15622.6,0.130396
15629.9,0.056502
15637.2,0.114804
15644.5,0.0541491
15651.9,0.102506
15659.2,0.0175484
15666.5,0.114095
15673.8,0.0600097
15681.2,0.123225
15688.5,0.111328
15695.8,0.0971966
15703.1,0.205054
15710.4,0.0616495
15717.8,0.103592
15725.1,0.0956916
15732.4,0.121315
15739.7,0.0556262
15747.1,0.0838719
15754.4,0.0795053
15761.7,0.098323
15769,0.110963
15776.4,0.0426116
15783.7,0.0433758
15791,0.0656699
15798.3,0.0280905
15805.7,0.0900834
15813,0.140803
15820.3,0.16907
15827.6,0.0195468
15835,0.0491713
15842.3,0.142932
15849.6,0.104416
15856.9,0.0638955
15864.3,0.00628082
15871.6,0.104094
15878.9,0.084436
15886.2,0.084774
15893.6,0.173041
15900.9,0.0551478
15908.2,0.0952507
15915.5,0.113291
15922.9,0.087728
15930.2,0.0352527
15937.5,0.0316529
15944.8,0.0857523
15952.1,0.0432629
15959.5,0.0332907
15966.8,0.101577
15974.1,0.242989
15981.4,0.135627
15988.8,0.0508653
15996.1,0.0497427
16003.4,0.13147
16010.7,0.0443078
16018.1,0.065941
16025.4,0.0246814
16032.7,0.0383334
16040,0.0984867
16047.4,0.0271779
16054.7,0.116065
16062,0.0477121
16069.3,0.0913777
16076.7,0.0367882
16084,0.051552
16091.3,0.133746
16098.6,0.0360001
16106,0.148217
16113.3,0.0960214
16120.6,0.231969
16127.9,0.132577
16135.3,0.0694596
16142.6,0.104599
16149.9,0.130563
16157.2,0.0226525
16164.6,0.111274
16171.9,0.144571
16179.2,0.112736
16186.5,0.035663
16193.8,0.0765068
16201.2,0.19481
16208.5,0.073414
16215.8,0.140978
16223.1,0.133917
16230.5,0.0412797
16237.8,0.0177489
16245.1,0.110279
16252.4,0.0930753
16259.8,0.0441714
16267.1,0.0839943
16274.4,0.0893298
16281.7,0.0660792
16289.1,0.139865
16296.4,0.0920316
16303.7,0.0316848
16311,0.0425163
16318.4,0.0924759
16325.7,0.0649214
16333,0.0534451
16340.3,0.0859802
16347.7,0.13107
16355,0.0249711
16362.3,0.0855558
16369.6,0.120899
16377,0.0997164
16384.3,0.0913009
16391.6,0.0747789
16398.9,0.117217
16406.3,0.0830738
16413.6,0.0708115
16420.9,0.0438516
16428.2,0.0223994
16435.5,0.0596245
16442.9,0.0714722
16450.2,0.0635424
16457.5,0.109949
16464.8,0.0280262
16472.2,0.111573
16479.5,0.0532874
16486.8,0.0315851
16494.1,0.028197
16501.5,0.109985
16508.8,0.0682923
16516.1,0.0766365
16523.4,0.00788233
16530.8,0.126836
16538.1,0.061206
16545.4,0.0698953
16552.7,0.100347
16560.1,0.121643
16567.4,0.034794
16574.7,0.0763003
16582,0.0690089
16589.4,0.118391
16596.7,0.11142
16604,0.0718297
16611.3,0.0200686
16618.7,0.0466168
16626,0.082512
16633.3,0.0443318
16640.6,0.0261201
16647.9,0.0420126
16655.3,0.0924322
16662.6,0.00243119
16669.9,0.0637437
16677.2,0.0536154
16684.6,0.116301
16691.9,0.0178572
16699.2,0.028021
16706.5,0.0691136
16713.9,0.100748
16721.2,0.0973225
16728.5,0.0257659
16735.8,0.11714
16743.2,0.123168
16750.5,0.0160202
16757.8,0.00635969
16765.1,0.102708
16772.5,0.107866
16779.8,0.0538145
16787.1,0.0578669
16794.4,0.107722
16801.8,0.0383593
16809.1,0.0367382
16816.4,0.0180352
16823.7,0.0684885
16831.1,0.139706
16838.4,0.0601709
16845.7,0.0356682
16853,0.0355803
16860.4,0.0526862
16867.7,0.079983
16875,0.0906307
16882.3,0.0921821
16889.6,0.102901
16897,0.066945
16904.3,0.0553348
16911.6,0.0881949
16918.9,0.0279109
16926.3,0.0792485
16933.6,0.0553816
16940.9,0.0430261
16948.2,0.0497807
16955.6,0.0295953
16962.9,0.102285
16970.2,0.0517567
16977.5,0.0343225
16984.9,0.0819286
16992.2,0.138687
16999.5,0.014134
17006.8,0.101384
17014.2,0.0914798
17021.5,0.0809954
17028.8,0.0848359
17036.1,0.0277444
17043.5,0.105438
17050.8,0.0328847
17058.1,0.0768524
17065.4,0.080148
17072.8,0.0423477
17080.1,0.030891
17087.4,0.0771942
17094.7,0.0978406
17102.1,0.0540505
17109.4,0.0605238
17116.7,0.0538595
17124,0.087663
17131.3,0.0539786
17138.7,0.0904371
17146,0.0722798
17153.3,0.113136
17160.6,0.0330823
17168,0.0290039
17175.3,0.0786678
17182.6,0.054581
17189.9,0.0355987
17197.3,0.0405762
17204.6,0.0630042
17211.9,0.0491341
17219.2,0.0534526
17226.6,0.00573363
17233.9,0.127235
17241.2,0.0663017
17248.5,0.0873451
17255.9,0.112077
17263.2,0.0220061
17270.5,0.0703539
17277.8,0.0137031
17285.2,0.108443
17292.5,0.124051
17299.8,0.0365669
17307.1,0.0623844
17314.5,0.0962375
17321.8,0.140102
17329.1,0.0721198
17336.4,0.0734606
17343.8,0.0413416
17351.1,0.0699268
17358.4,0.0121853
17365.7,0.051362
17373,0.105653
17380.4,0.0492107
17387.7,0.0710069
17395,0.066696
17402.3,0.0385181
17409.7,0.0324641
17417,0.0284159
17424.3,0.14843
17431.6,0.10976
17439,0.0791653
17446.3,0.0781249
17453.6,0.0931878
17460.9,0.101502
17468.3,0.0568174
17475.6,0.0793187
17482.9,0.167631
17490.2,0.110792
17497.6,0.035731
17504.9,0.0975285
17512.2,0.0534366
17519.5,0.087098
17526.9,0.0751952
17534.2,0.149663
17541.5,0.136845
17548.8,0.0841423
17556.2,0.0375134
17563.5,0.0936261
17570.8,0.0280363
17578.1,0.0979792
17585.4,0.0791984
17592.8,0.13114
17600.1,0.0291038
17607.4,0.0692784
17614.7,0.0217076
17622.1,0.0564393
17629.4,0.0117545
17636.7,0.165775
17644,0.0308997
17651.4,0.110061
17658.7,0.0201956
17666,0.0400359
17673.3,0.120767
17680.7,0.0374522
17688,0.129928
17695.3,0.710981
17702.6,0.213281
17710,0.253711
17717.3,0.945077
17724.6,1.2522
17731.9,1.21656
17739.3,0.469253
17746.6,0.0996231
17753.9,0.187735
17761.2,0.391201
17768.6,0.321349
17775.9,0.812848
17783.2,0.427684
17790.5,0.457405
17797.9,0.171114
17805.2,0.241553
17812.5,0.00938693
17819.8,0.102863
17827.1,0.0561204
17834.5,0.0331316
17841.8,0.0815169
17849.1,0.104295
17856.4,0.0277432
17863.8,0.141412
17871.1,0.076679
17878.4,0.0746209
17885.7,0.0359245
17893.1,0.147841
17900.4,0.0286058
17907.7,0.0526907
17915,0.105578
17922.4,0.121762
17929.7,0.0995843
17937,0.0815639
17944.3,0.131521
17951.7,0.104752
17959,0.073031
17966.3,0.0326863
17973.6,0.0690399
17981,0.115797
17988.3,0.055413
17995.6,0.0783086
18002.9,0.0887583
18010.3,0.11285
18017.6,0.0532465
18024.9,0.0914379
18032.2,0.140184
18039.6,0.164043
18046.9,0.0319531
18054.2,0.0130478
18061.5,0.0734501
18068.8,0.0809811
18076.2,0.0440019
18083.5,0.10575
18090.8,0.249117
18098.1,0.114243
18105.5,0.158053
18112.8,0.0755408
18120.1,0.0156087
18127.4,0.139662
18134.8,0.15618
18142.1,0.0880685
18149.4,0.0783826
18156.7,0.0907794
18164.1,0.200769
18171.4,0.121758
18178.7,0.0869458
18186,0.0481206
18193.4,0.0304276
18200.7,0.136057
18208,0.127854
18215.3,0.0109508
18222.7,0.0494285
18230,0.0314885
18237.3,0.080681
18244.6,0.0762295
18252,0.131004
18259.3,0.082378
18266.6,0.0568223
18273.9,0.211947
18281.3,0.078219
18288.6,0.0682406
18295.9,0.17991
18303.2,0.22338
18310.5,0.0727025
18317.9,0.109516
18325.2,0.0311982
18332.5,0.0829866
18339.8,0.0796109
18347.2,0.144128
18354.5,0.0970771
18361.8,0.157532
18369.1,0.131815
18376.5,0.421031
18383.8,1.13602
18391.1,0.25244
18398.4,0.183816
18405.8,0.13681
18413.1,0.121535
18420.4,0.122855
18427.7,0.0484155
18435.1,0.197886
18442.4,0.237058
18449.7,0.0893901
18457,0.322859
18464.4,0.0655298
18471.7,0.263431
18479,0.161585
18486.3,0.373552
18493.7,0.195555
18501,0.097227
18508.3,0.0428067
18515.6,0.237397
18522.9,0.118622
18530.3,0.254799
18537.6,0.206048
18544.9,0.292531
18552.2,0.229324
18559.6,0.2117
18566.9,0.440556
18574.2,0.218485
18581.5,0.242274
18588.9,0.14567
18596.2,0.18168
18603.5,0.120858
18610.8,0.166862
18618.2,0.130593
18625.5,0.13723
18632.8,0.225073
18640.1,0.176989
18647.5,0.135144
18654.8,0.10345
18662.1,0.146669
18669.4,0.157487
18676.8,0.0742175
18684.1,0.203271
18691.4,0.0502478
18698.7,0.117683
18706.1,0.0879727
18713.4,0.11013
18720.7,0.0432115
18728,0.0659555
18735.4,0.0509444
18742.7,0.068669
18750,0.0576278
18757.3,0.273298
18764.6,0.156727
18772,0.113165
18779.3,0.191174
18786.6,0.0409079
18793.9,0.162667
18801.3,0.111309
18808.6,0.104931
18815.9,0.101963
18823.2,0.160273
18830.6,0.112518
18837.9,0.0616003
18845.2,0.187885
18852.5,0.238523
18859.9,0.131804
18867.2,0.0782151
18874.5,0.0657262
18881.8,0.0275653
18889.2,0.161451
18896.5,0.0539558
18903.8,0.0857494
18911.1,0.0693042
18918.5,0.0134681
18925.8,0.0502891
18933.1,0.063003
18940.4,0.106588
18947.8,0.145294
18955.1,0.1908
18962.4,0.158707
18969.7,0.130742
18977.1,0.0549775
18984.4,0.0866126
18991.7,0.0404008
18999,0.0716526
19006.3,0.0373764
19013.7,0.131702
19021,0.0545798
19028.3,0.0584705
19035.6,0.0853296
19043,0.0430223
19050.3,0.140496
19057.6,0.173974
19064.9,0.0578294
19072.3,0.0935696
19079.6,0.0123708
19086.9,0.0761405
19094.2,0.0457753
19101.6,0.0400907
19108.9,0.0482738
19116.2,0.0190775
19123.5,0.0697267
19130.9,0.0487429
19138.2,0.0547383
19145.5,0.0780185
19152.8,0.00976658
19160.2,0.0476163
19167.5,0.0418515
19174.8,0.113955
19182.1,0.153438
19189.5,0.127787
19196.8,0.0763548
19204.1,0.0092216
19211.4,0.112568
19218.8,0.0149614
19226.1,0.0417478
19233.4,0.05585
19240.7,0.0435729
19248,0.080732
19255.4,0.0304318
19262.7,0.0603008
19270,0.0995136
19277.3,0.027205
19284.7,0.110287
19292,0.0469539
19299.3,0.0283878
19306.6,0.0620191
19314,0.0432203
19321.3,0.127854
19328.6,0.0618625
19335.9,0.0971791
19343.3,0.0907462
19350.6,0.049454
19357.9,0.046926
19365.2,0.0269707
19372.6,0.0157365
19379.9,0.0240152
19387.2,0.113432
19394.5,0.0573221
19401.9,0.0415118
19409.2,0.0252835
19416.5,0.0610606
19423.8,0.0466601
19431.2,0.0507215
19438.5,0.0535335
19445.8,0.0411337
19453.1,0.0944975
19460.4,0.0579404
19467.8,0.0455552
19475.1,0.0289949
19482.4,0.0544332
19489.7,0.0385602
19497.1,0.0924303
19504.4,0.105886
19511.7,0.102584
19519,0.064104
19526.4,0.00956794
19533.7,0.118703
19541,0.0371493
19548.3,0.0265772
19555.7,0.0226748
19563,0.0624474
19570.3,0.0643592
19577.6,0.097249
19585,0.0352354
19592.3,0.0400828
19599.6,0.0933044
19606.9,0.11817
19614.3,0.0667768
19621.6,0.0483927
19628.9,0.0935555
19636.2,0.0628639
19643.6,0.038005
19650.9,0.0827473
19658.2,0.0229435
19665.5,0.0701227
19672.9,0.00697011
19680.2,0.0568618
19687.5,0.0876947
19694.8,0.0912427
19702.1,0.0188114
19709.5,0.0889213
19716.8,0.0670707
19724.1,0.00492722
19731.4,0.0973491
19738.8,0.0170085
19746.1,0.040904
19753.4,0.0338163
19760.7,0.00570638
19768.1,0.281305
19775.4,0.316737
19782.7,0.0914963
19790,0.0589108
19797.4,0.0366889
19804.7,0.0738871
19812,0.0171393
19819.3,0.154396
19826.7,0.0439986
19834,0.0974717
19841.3,0.0661828
19848.6,0.075067
19856,0.0452859
19863.3,0.0148819
19870.6,0.0222208
19877.9,0.169855
19885.3,0.0270197
19892.6,0.0479975
19899.9,0.0293194
19907.2,0.0383108
19914.6,0.0224056
19921.9,0.0376957
19929.2,0.0352689
19936.5,0.0754526
19943.8,0.14245
19951.2,0.010195
19958.5,0.0867245
19965.8,0.0922341
19973.1,0.0870132
19980.5,0.104159
19987.8,0.113726
19995.1,0.14331
20002.4,0.0274295
20009.8,0.0323427
20017.1,0.122514
20024.4,0.0771923
20031.7,0.0523885
20039.1,0.163239
20046.4,0.147382
20053.7,0.0692026
20061,0.0555411
20068.4,0.0516859
20075.7,0.0470855
20083,0.0635967
20090.3,0.116883
20097.7,0.0415539
20105,0.0449713
20112.3,0.00212659
20119.6,0.065671
20127,0.0621089
20134.3,0.0295586
20141.6,0.0971299
20148.9,0.0650987
20156.3,0.0187318
20163.6,0.163135
20170.9,0.0267565
20178.2,0.298651
20185.5,0.0213073
20192.9,0.00516817
20200.2,0.0791291
20207.5,0.0901245
20214.8,0.0627917
20222.2,0.0443676
20229.5,0.0596936
20236.8,0.0465266
20244.1,0.072097
20251.5,0.0286469
20258.8,0.0383302
20266.1,0.0552903
20273.4,0.0792095
20280.8,0.0121494
20288.1,0.0351032
20295.4,0.067362
20302.7,0.0586712
20310.1,0.034274
20317.4,0.0256554
20324.7,0.0252048
20332,0.0319075
20339.4,0.0457245
20346.7,0.0648338
20354,0.0341602
20361.3,0.0281103
20368.7,0.0138682
20376,0.0154307
20383.3,0.0582035
20390.6,0.0176341
20397.9,0.0523822
20405.3,0.0106944
20412.6,0.130778
20419.9,0.100821
20427.2,0.043852
20434.6,0.0154659
20441.9,0.0631974
20449.2,0.016643
20456.5,0.0681946
20463.9,0.0555243
20471.2,0.0814138
20478.5,0.0314062
20485.8,0.0355103
20493.2,0.0677492
20500.5,0.0582881
20507.8,0.00257661
20515.1,0.0891863
20522.5,0.0543255
20529.8,0.0928645
20537.1,0.064046
20544.4,0.0102528
20551.8,0.0376991
20559.1,0.0868548
20566.4,0.0808452
20573.7,0.0238023
20581.1,0.0186027
20588.4,0.0423315
20595.7,0.0611498
20603,0.04585
20610.4,0.0629515
20617.7,0.0278188
20625,0.0383841
20632.3,0.0466658
20639.6,0.0233643
20647,0.0382578
20654.3,0.0293103
20661.6,0.0307252
20668.9,0.0535739
20676.3,0.0276893
20683.6,0.0742794
20690.9,0.0526393
20698.2,0.0595074
20705.6,0.0169735
20712.9,0.0497829
20720.2,0.0104605
20727.5,0.0784763
20734.9,0.0163965
20742.2,0.0802221
20749.5,0.0868136
20756.8,0.0155044
20764.2,0.0652927
20771.5,0.0450793
20778.8,0.056167
20786.1,0.0207637
20793.5,0.0654926
20800.8,0.0207026
20808.1,0.0336645
20815.4,0.0694022
20822.8,0.0756147
20830.1,0.0238193
20837.4,0.0449001
20844.7,0.0151095
20852.1,0.0652469
20859.4,0.11398
20866.7,0.0536159
20874,0.0471607
20881.3,0.0500483
20888.7,0.0741065
20896,0.0436974
20903.3,0.0868859
20910.6,0.0543997
20918,0.0667223
20925.3,0.0664001
20932.6,0.0475453
20939.9,0.0529816
20947.3,0.070584
20954.6,0.0342461
20961.9,0.074315
20969.2,0.0137944
20976.6,0.0479029
20983.9,0.0317033
20991.2,0.145334
20998.5,0.0776101
21005.9,0.0127108
21013.2,0.0625684
21020.5,0.0519417
21027.8,0.109874
21035.2,0.0215316
21042.5,0.0398022
21049.8,0.0550782
21057.1,0.0369646
21064.5,0.0244877
21071.8,0.0899248
21079.1,0.0423923
21086.4,0.0566025
21093.8,0.0532913
21101.1,0.0940725
21108.4,0.0581415
21115.7,0.0698791
21123,0.0535503
21130.4,0.0370457
21137.7,0.0376903
21145,0.0438948
21152.3,0.0537471
21159.7,0.0586275
21167,0.0416198
21174.3,0.0101892
21181.6,0.0670143
21189,0.0850065
21196.3,0.0604006
21203.6,0.0476802
21210.9,0.0149531
21218.3,0.0322839
21225.6,0.0394766
21232.9,0.0396154
21240.2,0.0325796
21247.6,0.0603488
21254.9,0.0876901
21262.2,0.0250205
21269.5,0.0420666
21276.9,0.0190452
21284.2,0.0789189
21291.5,0.0720251
21298.8,0.0112272
21306.2,0.0301388
21313.5,0.0613774
21320.8,0.0585981
21328.1,0.050748
21335.4,0.0650937
21342.8,0.0171834
21350.1,0.0520975
21357.4,0.0326689
21364.7,0.0178227
21372.1,0.0732607
21379.4,0.0496764
21386.7,0.00480409
21394,0.0711594
21401.4,0.0352395
21408.7,0.0502159
21416,0.0415178
21423.3,0.0571799
21430.7,0.0580938
21438,0.0176498
21445.3,0.0704216
21452.6,0.0599047
21460,0.00938525
21467.3,0.0720549
21474.6,0.061776
21481.9,0.0716011
21489.3,0.0529655
21496.6,0.0733504
21503.9,0.0751966
21511.2,0.103373
21518.6,0.0235455
21525.9,0.0465719
21533.2,0.0565843
21540.5,0.100539
21547.9,0.0607443
21555.2,0.0182783
21562.5,0.0242345
21569.8,0.0350399
21577.1,0.0612995
21584.5,0.0676631
21591.8,0.0415207
21599.1,0.00671328
21606.4,0.0452595
21613.8,0.0269339
21621.1,0.042106
21628.4,0.0474671
21635.7,0.00299102
21643.1,0.0735031
21650.4,0.0579092
21657.7,0.034189
21665,0.0876321
21672.4,0.0394944
21679.7,0.0124937
21687,0.0786949
21694.3,0.0168368
21701.7,0.0931134
21709,0.0682772
21716.3,0.0861499
21723.6,0.110366
21731,0.0643385
21738.3,0.0287239
21745.6,0.0163349
21752.9,0.0617832
21760.3,0.0708462
21767.6,0.14
21774.9,0.0633271
21782.2,0.0203017
21789.6,0.0527318
21796.9,0.074973
21804.2,0.0453578
21811.5,0.0431458
21818.8,0.0405815
21826.2,0.0499919
21833.5,0.0686402
21840.8,0.0513511
21848.1,0.00740169
21855.5,0.066131
21862.8,0.0818217
21870.1,0.0374583
21877.4,0.044826
21884.8,0.0641959
21892.1,0.0242474
21899.4,0.0370266
21906.7,0.0818023
21914.1,0.0829166
21921.4,0.0734871
21928.7,0.0215473
21936,0.0754739
21943.4,0.063581
21950.7,0.0562552
21958,0.0575808
21965.3,0.0221089
21972.7,0.0480324
21980,0.0454615
21987.3,0.0206033
21994.6,0.099634
22002,0.0320757
22009.3,0.0228874
22016.6,0.0280829
22023.9,0.0364873
22031.3,0.0285179
22038.6,0.0947848
22045.9,0.0354101
22053.2,0.0647033
22060.5,0.0348864
22067.9,0.0270317
22075.2,0.0475872
22082.5,0.0455621
22089.8,0.105483
22097.2,0.0237353
22104.5,0.0320392
22111.8,0.0268229
22119.1,0.0608648
22126.5,0.0316968
22133.8,0.10389
22141.1,0.0351278
22148.4,0.0360528
22155.8,0.0936826
22163.1,0.071226
22170.4,0.0269238
22177.7,0.065242
22185.1,0.117694
22192.4,0.0164783
22199.7,0.0636279
22207,0.0564196
22214.4,0.0101472
22221.7,0.0867119
22229,0.0431373
22236.3,0.0406433
22243.7,0.106006
22251,0.0536555
22258.3,0.102914
22265.6,0.0592325
22272.9,0.0294566
22280.3,0.0489394
22287.6,0.0709025
22294.9,0.068849
22302.2,0.0662208
22309.6,0.0506408
22316.9,0.0123961
22324.2,0.0429211
22331.5,0.0406304
22338.9,0.0427404
22346.2,0.0215317
22353.5,0.126342
22360.8,0.0710847
22368.2,0.0659655
22375.5,0.0238232
22382.8,0.0269174
22390.1,0.0365073
22397.5,0.02778
22404.8,0.0534289
22412.1,0.00840471
22419.4,0.0731848
22426.8,0.0201211
22434.1,0.0398982
22441.4,0.0195133
22448.7,0.0424243
22456.1,0.0893002
22463.4,0.0155326
22470.7,0.00536592
22478,0.0679191
22485.4,0.0735505
22492.7,0.0387756
22500,0.0490417
22507.3,0.0344176
22514.6,0.0312522
22522,0.0828638
22529.3,0.0783361
22536.6,0.0761849
22543.9,0.0929858
22551.3,0.0226849
22558.6,0.0279148
22565.9,0.0299618
22573.2,0.0614475
22580.6,0.109287
22587.9,0.039963
22595.2,0.0471459
22602.5,0.0619514
22609.9,0.0848405
22617.2,0.10215
22624.5,0.0646006
22631.8,0.0776632
22639.2,0.0451794
22646.5,0.036076
22653.8,0.0853067
22661.1,0.0273013
22668.5,0.0651616
22675.8,0.00872286
22683.1,0.0490187
22690.4,0.0195457
22697.8,0.090232
22705.1,0.0902507
22712.4,0.0650941
22719.7,0.0365577
22727.1,0.0330425
22734.4,0.101707
22741.7,0.0317062
22749,0.0415123
22756.3,0.0128828
22763.7,0.0795732
22771,0.0617106
22778.3,0.0495614
22785.6,0.0726298
22793,0.0304714
22800.3,0.0626136
22807.6,0.0297715
22814.9,0.114104
22822.3,0.0139746
22829.6,0.131051
22836.9,0.0662164
22844.2,0.0768897
22851.6,0.0248972
22858.9,0.0438368
22866.2,0.0304657
22873.5,0.0454339
22880.9,0.026218
22888.2,0.00862221
22895.5,0.0608545
22902.8,0.0397
22910.2,0.0869081
22917.5,0.11742
22924.8,0.0265737
22932.1,0.121071
22939.5,0.0632533
22946.8,0.0398539
22954.1,0.0394704
22961.4,0.0732105
22968.8,0.0263722
22976.1,0.136071
22983.4,0.0671888
22990.7,0.0343942
22998,0.0821216
23005.4,0.0259262
23012.7,0.0774633
23020,0.0135084
23027.3,0.0519744
23034.7,0.0244641
23042,0.067236
23049.3,0.0244512
23056.6,0.0172626
23064,0.00604687
23071.3,0.0231863
23078.6,0.0180686
23085.9,0.0513638
23093.3,0.0753142
23100.6,0.0391958
23107.9,0.0453718
23115.2,0.120892
23122.6,0.0257396
23129.9,0.0452817
23137.2,0.035132
23144.5,0.0331358
23151.9,0.0439982
23159.2,0.0185969
23166.5,0.0616364
23173.8,0.0460752
23181.2,0.0647891
23188.5,0.032112
23195.8,0.0549031
23203.1,0.0950659
23210.4,0.060114
23217.8,0.0294837
23225.1,0.029778
23232.4,0.0735185
23239.7,0.0656757
23247.1,0.0360061
23254.4,0.115051
23261.7,0.0252303
23269,0.0591067
23276.4,0.0172183
23283.7,0.107591
23291,0.0163364
23298.3,0.0283524
23305.7,0.0467973
23313,0.105439
23320.3,0.087135
23327.6,0.0271071
23335,0.0698102
23342.3,0.0171848
23349.6,0.0178413
23356.9,0.0380087
23364.3,0.0369824
23371.6,0.0116651
23378.9,0.10143
23386.2,0.0075736
23393.6,0.0375797
23400.9,0.0433687
23408.2,0.0897807
23415.5,0.0478609
23422.9,0.116932
23430.2,0.0736772
23437.5,0.0375799
23444.8,0.151506
23452.1,0.0593163
23459.5,0.151034
23466.8,0.0627121
23474.1,0.0652908
23481.4,0.102554
23488.8,0.118499
23496.1,0.118356
23503.4,0.148767
23510.7,0.239302
23518.1,0.0678174
23525.4,0.064116
23532.7,0.0989838
23540,0.0633452
23547.4,0.114058
23554.7,0.128503
23562,0.0207733
23569.3,0.0663538
23576.7,0.00654529
23584,0.136068
23591.3,0.0335473
23598.6,0.0662936
23606,0.0490079
23613.3,0.0961204
23620.6,0.019593
23627.9,0.0656178
23635.3,0.0194961
23642.6,0.0885596
23649.9,0.0117017
23657.2,0.0831983
23664.6,0.103047
23671.9,0.043375
23679.2,0.0604336
23686.5,0.0517056
23693.8,0.0252265
23701.2,0.0125728
23708.5,0.0755292
23715.8,0.0610359
23723.1,0.0258317
23730.5,0.0672845
23737.8,0.0268825
23745.1,0.0331747
23752.4,0.0384936
23759.8,0.0586383
23767.1,0.0304813
23774.4,0.0529664
23781.7,0.104513
23789.1,0.0871961
23796.4,0.144356
23803.7,0.0655015
23811,0.0992909
23818.4,0.0650822
23825.7,0.128452
23833,0.0565398
23840.3,0.0643733
23847.7,0.022914
23855,0.0514223
23862.3,0.0426928
23869.6,0.0508667
23877,0.0849756
23884.3,0.140778
23891.6,0.0937219
23898.9,0.0743323
23906.3,0.138527
23913.6,0.121714
23920.9,0.0579668
23928.2,0.0636139
23935.5,0.033362
23942.9,0.037087
23950.2,0.0543967
23957.5,0.0951249
23964.8,0.105346
23972.2,0.101048
23979.5,0.0111633
23986.8,0.0503398
23994.1,0.0524958
24001.5,0.0622387
24008.8,0.0145171
24016.1,0.0270108
24023.4,0.054697
24030.8,0.0472914
24038.1,0.0403161
24045.4,0.0964848
24052.7,0.0114245
24060.1,0.0769176
24067.4,0.0673524
24074.7,0.105063
24082,0.0113868
24089.4,0.0888588
24096.7,0.0303047
24104,0.0472215
24111.3,0.0802403
24118.7,0.0704406
24126,0.0944668
24133.3,0.0614237
24140.6,0.00997204
24147.9,0.0320613
24155.3,0.0831035
24162.6,0.0336734
24169.9,0.039682
24177.2,0.0185162
24184.6,0.0247415
24191.9,0.0425264
24199.2,0.00569857
24206.5,0.0705138
24213.9,0.091984
24221.2,0.0764603
24228.5,0.087144
24235.8,0.0532669
24243.2,0.0201325
24250.5,0.022573
24257.8,0.0118793
24265.1,0.0791862
24272.5,0.0911369
24279.8,0.015944
24287.1,0.10152
24294.4,0.0544295
24301.8,0.0188517
24309.1,0.0402955
24316.4,0.0634516
24323.7,0.0177243
24331.1,0.0348384
24338.4,0.0239932
24345.7,0.0385665
24353,0.115436
24360.4,0.027402
24367.7,0.0333968
24375,0.0431205
24382.3,0.0176465
24389.6,0.0641284
24397,0.0481664
24404.3,0.0201673
24411.6,0.100399
24418.9,0.0417969
24426.3,0.0419715
24433.6,0.0581934
24440.9,0.0442671
24448.2,0.0147159
24455.6,0.0130516
24462.9,0.0288963
24470.2,0.0749405
24477.5,0.0443407
24484.9,0.0194788
24492.2,0.0685833
24499.5,0.0720244
24506.8,0.0424915
24514.2,0.0755329
24521.5,0.0538447
24528.8,0.0809889
24536.1,0.0753181
24543.5,0.0268051
24550.8,0.0545035
24558.1,0.0623115
24565.4,0.0420568
24572.8,0.0569411
24580.1,0.0678538
24587.4,0.0261376
24594.7,0.0389898
24602.1,0.0680128
24609.4,0.0616337
24616.7,0.00997313
24624,0.0748829
24631.3,0.0636557
24638.7,0.11517
24646,0.109223
24653.3,0.00724885
24660.6,0.0228287
24668,0.0312388
24675.3,0.0511877
24682.6,0.0592407
24689.9,0.0533541
24697.3,0.0428251
24704.6,0.0287782
24711.9,0.0363474
24719.2,0.0626802
24726.6,0.00498787
24733.9,0.0732764
24741.2,0.0107763
24748.5,0.0431218
24755.9,0.0274344
24763.2,0.0853883
24770.5,0.0457416
24777.8,0.0337581
24785.2,0.0846234
24792.5,0.0515709
24799.8,0.0152719
24807.1,0.065349
24814.5,0.0610394
24821.8,0.0515012
24829.1,0.0368775
24836.4,0.0623019
24843.8,0.0629863
24851.1,0.0314387
24858.4,0.0222433
24865.7,0.0266735
24873,0.0587683
24880.4,0.067219
24887.7,0.0548716
24895,0.0576907
24902.3,0.0204876
24909.7,0.0230361
24917,0.0451162
24924.3,0.0666992
24931.6,0.0192516
24939,0.0261727
24946.3,0.0125609
24953.6,0.0436349
24960.9,0.0354055
24968.3,0.0772743
24975.6,0.0331014
24982.9,0.085024
24990.2,0.0390958
24997.6,0.0240405
25004.9,0.0724947
25012.2,0.106854
25019.5,0.0734346
25026.9,0.0197469
25034.2,0.0586892
25041.5,0.0857725
25048.8,0.0136526
25056.2,0.0694772
25063.5,0.0476635
25070.8,0.0785978
25078.1,0.0525975
25085.4,0.0567092
25092.8,0.0466996
25100.1,0.0906788
25107.4,0.0588426
25114.7,0.0722858
25122.1,0.0562179
25129.4,0.0957575
25136.7,0.0178737
25144,0.0387895
25151.4,0.0137473
25158.7,0.0572486
25166,0.062549
25173.3,0.122403
25180.7,0.045678
25188,0.0233266
25195.3,0.0164329
25202.6,0.0343398
25210,0.0245262
25217.3,0.022611
25224.6,0.107167
25231.9,0.033023
25239.3,0.0369267
25246.6,0.0593109
25253.9,0.0482268
25261.2,0.0436885
25268.6,0.127378
25275.9,0.056826
25283.2,0.0266185
25290.5,0.0393278
25297.9,0.00851258
25305.2,0.0639272
25312.5,0.0350522
25319.8,0.0558606
25327.1,0.057436
25334.5,0.0931962
25341.8,0.0228033
25349.1,0.081579
25356.4,0.048839
25363.8,0.101279
25371.1,0.0510172
25378.4,0.100442
25385.7,0.0252336
25393.1,0.0331737
25400.4,0.0389373
25407.7,0.0381162
25415,0.0609674
25422.4,0.0370828
25429.7,0.0796523
25437,0.0130295
25444.3,0.0273293
25451.7,0.0573871
25459,0.0479474
25466.3,0.0174903
25473.6,0.0440131
25481,0.036729
25488.3,0.0449299
25495.6,0.0556538
25502.9,0.0368191
25510.3,0.0189545
25517.6,0.0729709
25524.9,0.0559242
25532.2,0.0483463
25539.6,0.0488088
25546.9,0.0814906
25554.2,0.0883093
25561.5,0.0622782
25568.8,0.0670468
25576.2,0.0791079
25583.5,0.0996253
25590.8,0.0718485
25598.1,0.0337795
25605.5,0.0217735
25612.8,0.084359
25620.1,0.0347502
25627.4,0.0699582
25634.8,0.0542865
25642.1,0.0889004
25649.4,0.0852825
25656.7,0.0201916
25664.1,0.0574515
25671.4,0.0580501
25678.7,0.0543806
25686,0.0917723
25693.4,0.0300916
25700.7,0.071551
25708,0.0180413
25715.3,0.042637
25722.7,0.0558689
25730,0.0396089
25737.3,0.0444325
25744.6,0.0399364
25752,0.0246563
25759.3,0.0223534
25766.6,0.0272135
25773.9,0.0380568
25781.3,0.0628336
25788.6,0.0374796
25795.9,0.0190604
25803.2,0.0258997
25810.5,0.0724172
25817.9,0.0332199
25825.2,0.0609896
25832.5,0.0771456
25839.8,0.0558526
25847.2,0.0305545
25854.5,0.0662012
25861.8,0.0181312
25869.1,0.0436557
25876.5,0.010938
25883.8,0.100276
25891.1,0.0667639
25898.4,0.0611589
25905.8,0.0871143
25913.1,0.0221646
25920.4,0.0432905
25927.7,0.0266526
25935.1,0.0301875
25942.4,0.0397264
25949.7,0.0366057
25957,0.0481925
25964.4,0.0290989
25971.7,0.00379195
25979,0.0163997
25986.3,0.0436809
25993.7,0.0566041
26001,0.0219151
26008.3,0.0347926
26015.6,0.0149153
26022.9,0.0241861
26030.3,0.040625
26037.6,0.0486459
26044.9,0.0748029
26052.2,0.0881252
26059.6,0.0259375
26066.9,0.0623039
26074.2,0.0712736
26081.5,0.112527
26088.9,0.0883425
26096.2,0.0766921
26103.5,0.033216
26110.8,0.0675132
26118.2,0.0609745
26125.5,0.0188122
26132.8,0.0752021
26140.1,0.0555454
26147.5,0.0504423
26154.8,0.0393019
26162.1,0.0578091
26169.4,0.0210188
26176.8,0.0257866
26184.1,0.028812
26191.4,0.0706162
26198.7,0.0858364
26206.1,0.0807466
26213.4,0.0461905
26220.7,0.0446255
26228,0.0168604
26235.4,0.0397169
26242.7,0.0357963
26250,0.0451199
26257.3,0.0418386
26264.6,0.0273594
26272,0.052988
26279.3,0.0823303
26286.6,0.0586187
26293.9,0.0147344
26301.3,0.0276777
26308.6,0.023586
26315.9,0.0272708
26323.2,0.10061
26330.6,0.0365735
26337.9,0.0216036
26345.2,0.0425958
26352.5,0.0141899
26359.9,0.0116039
26367.2,0.00671532
26374.5,0.059957
26381.8,0.0320761
26389.2,0.0510886
26396.5,0.051963
26403.8,0.0524892
26411.1,0.0808231
26418.5,0.0404542
26425.8,0.0265313
26433.1,0.064707
26440.4,0.0476836
26447.8,0.0361568
26455.1,0.0720548
26462.4,0.0526283
26469.7,0.0793064
26477.1,0.0478003
26484.4,0.0635242
26491.7,0.0452225
26499,0.0868414
26506.3,0.0615091
26513.7,0.0406392
26521,0.0904943
26528.3,0.0508605
26535.6,0.00996354
26543,0.0744536
26550.3,0.0739956
26557.6,0.0592824
26564.9,0.0411436
26572.3,0.048524
26579.6,0.0157962
26586.9,0.0698387
26594.2,0.0641861
26601.6,0.0816975
26608.9,0.0689875
26616.2,0.0842194
26623.5,0.0972821
26630.9,0.0578339
26638.2,0.0403035
26645.5,0.0245308
26652.8,0.0666122
26660.2,0.0196752
26667.5,0.0342682
26674.8,0.0376234
26682.1,0.0405095
26689.5,0.0784704
26696.8,0.0406222
26704.1,0.0468007
26711.4,0.0427473
26718.8,0.0491724
26726.1,0.0437472
26733.4,0.0391986
26740.7,0.0714311
26748,0.0584028
26755.4,0.135338
26762.7,0.0796827
26770,0.0724848
26777.3,0.0134676
26784.7,0.0377724
26792,0.0725565
26799.3,0.0643767
26806.6,0.022978
26814,0.0526109
26821.3,0.0499815
26828.6,0.077863
26835.9,0.0206555
26843.3,0.050917
26850.6,0.0588497
26857.9,0.0560519
26865.2,0.0547332
26872.6,0.0540094
26879.9,0.0148311
26887.2,0.0238547
26894.5,0.0356274
26901.9,0.0551923
26909.2,0.0605637
26916.5,0.0663044
26923.8,0.0457232
26931.2,0.090091
26938.5,0.0658361
26945.8,0.0410398
26953.1,0.0727087
26960.4,0.0692634
26967.8,0.0267932
26975.1,0.0224779
26982.4,0.024888
26989.7,0.0832812
26997.1,0.0276919
27004.4,0.0495119
27011.7,0.071349
27019,0.0156932
27026.4,0.0475518
27033.7,0.0776385
27041,0.0819166
27048.3,0.127541
27055.7,0.0695023
27063,0.0486291
27070.3,0.0478452
27077.6,0.0773313
27085,0.0612129
27092.3,0.0255553
27099.6,0.0963763
27106.9,0.107333
27114.3,0.0524962
27121.6,0.0591811
27128.9,0.018991
27136.2,0.00869546
27143.6,0.0483093
27150.9,0.126481
27158.2,0.102482
27165.5,0.0878217
27172.9,0.0586967
27180.2,0.072084
27187.5,0.112186
27194.8,0.0192928
27202.1,0.0993662
27209.5,0.0238016
27216.8,0.0135583
27224.1,0.0740647
27231.4,0.0745728
27238.8,0.0109202
27246.1,0.0405113
27253.4,0.0334078
27260.7,0.0583153
27268.1,0.0606026
27275.4,0.0372866
27282.7,0.0396086
27290,0.0919862
27297.4,0.0200604
27304.7,0.0326363
27312,0.0256299
27319.3,0.133016
27326.7,0.0572206
27334,0.0706059
27341.3,0.0258075
27348.6,0.0299113
27356,0.0584954
27363.3,0.0720392
27370.6,0.026304
27377.9,0.0390462
27385.3,0.0696334
27392.6,0.0755336
27399.9,0.0392252
27407.2,0.0370441
27414.6,0.0624949
27421.9,0.0152256
27429.2,0.0724953
27436.5,0.0512279
27443.8,0.0475637
27451.2,0.0432309
27458.5,0.0771003
27465.8,0.0314224
27473.1,0.072582
27480.5,0.0335085
27487.8,0.0419664
27495.1,0.0204346
27502.4,0.0362374
27509.8,0.0375707
27517.1,0.0276015
27524.4,0.0485664
27531.7,0.0456982
27539.1,0.0503684
27546.4,0.0452369
27553.7,0.0653916
27561,0.0354813
27568.4,0.0445206
27575.7,0.131609
27583,0.0578446
27590.3,0.0552753
27597.7,0.0473656
27605,0.0656746
27612.3,0.01023
27619.6,0.0302092
27627,0.0484067
27634.3,0.0389681
27641.6,0.0395768
27648.9,0.0517693
27656.3,0.0350312
27663.6,0.00901226
27670.9,0.0617502
27678.2,0.0159619
27685.5,0.0718084
27692.9,0.0258097
27700.2,0.0616374
27707.5,0.0258204
27714.8,0.0461176
27722.2,0.0517805
27729.5,0.00516056
27736.8,0.0275885
27744.1,0.0778492
27751.5,0.0791854
27758.8,0.0289061
27766.1,0.0134176
27773.4,0.0244279
27780.8,0.0598255
27788.1,0.0606722
27795.4,0.0268309
27802.7,0.0332772
27810.1,0.0484776
27817.4,0.0194849
27824.7,0.0501465
27832,0.0358774
27839.4,0.0301726
27846.7,0.0914457
27854,0.0977628
27861.3,0.0459345
27868.7,0.0115071
27876,0.179326
27883.3,0.0582687
27890.6,0.0329033
27897.9,0.0538308
27905.3,0.0467849
27912.6,0.0696746
27919.9,0.0295141
27927.2,0.0606924
27934.6,0.0808118
27941.9,0.0653342
27949.2,0.0294425
27956.5,0.0077224
27963.9,0.0419146
27971.2,0.0886267
27978.5,0.0223877
27985.8,0.0517681
27993.2,0.0435528
28000.5,0.0713374
28007.8,0.0549927
28015.1,0.00889754
28022.5,0.0419908
28029.8,0.0601577
28037.1,0.0522574
28044.4,0.0736618
28051.8,0.0552236
28059.1,0.00850007
28066.4,0.047077
28073.7,0.0664442
28081.1,0.0628567
28088.4,0.108769
28095.7,0.0284688
28103,0.0553541
28110.4,0.0146987
28117.7,0.00775076
28125,0.097223
28132.3,0.0400115
28139.6,0.0597458
28147,0.0852975
28154.3,0.0523987
28161.6,0.131355
28168.9,0.0366165
28176.3,0.0224801
28183.6,0.0493962
28190.9,0.0572326
28198.2,0.0418427
28205.6,0.0519465
28212.9,0.0988759
28220.2,0.0562369
28227.5,0.0709802
28234.9,0.0143461
28242.2,0.0296034
28249.5,0.0627604
28256.8,0.0516353
28264.2,0.0776697
28271.5,0.0153796
28278.8,0.0168872
28286.1,0.0809276
28293.5,0.00471278
28300.8,0.0207958
28308.1,0.0622218
28315.4,0.0318553
28322.8,0.0719456
28330.1,0.0565979
28337.4,0.0300968
28344.7,0.00934916
28352.1,0.0977271
28359.4,0.0411017
28366.7,0.000844802
28374,0.0249016
28381.3,0.0593453
28388.7,0.0139921
28396,0.0264358
28403.3,0.032883
28410.6,0.0633261
28418,0.0656924
28425.3,0.0917335
28432.6,0.0900877
28439.9,0.00746549
28447.3,0.0344637
28454.6,0.103241
28461.9,0.0481866
28469.2,0.032243
28476.6,0.0911501
28483.9,0.0198608
28491.2,0.12645
28498.5,0.0504172
28505.9,0.0551493
28513.2,0.034818
28520.5,0.0476515
28527.8,0.0116411
28535.2,0.0293803
28542.5,0.0993926
28549.8,0.077815
28557.1,0.108428
28564.5,0.0894432
28571.8,0.0189462
28579.1,0.0345645
28586.4,0.0695108
28593.8,0.041579
28601.1,0.0508544
28608.4,0.0509814
28615.7,0.077391
28623,0.0240627
28630.4,0.150502
28637.7,0.0535145
28645,0.0631387
28652.3,0.045751
28659.7,0.0343951
28667,0.0899386
28674.3,0.0507226
28681.6,0.0464824
28689,0.0171224
28696.3,0.206134
28703.6,0.086379
28710.9,0.0395423
28718.3,0.0115076
28725.6,0.0265541
28732.9,0.0938832
28740.2,0.0734829
28747.6,0.0391318
28754.9,0.0261224
28762.2,0.018341
28769.5,0.0287877
28776.9,0.114422
28784.2,0.0573311
28791.5,0.0551637
28798.8,0.0251931
28806.2,0.0759278
28813.5,0.0485128
28820.8,0.0466227
28828.1,0.118655
28835.4,0.0685214
28842.8,0.0369091
28850.1,0.027898
28857.4,0.0103844
28864.7,0.0781116
28872.1,0.124265
28879.4,0.128241
28886.7,0.106431
28894,0.0288148
28901.4,0.161313
28908.7,0.0689824
28916,0.0812716
28923.3,0.0439382
28930.7,0.0078422
28938,0.0365709
28945.3,0.00456807
28952.6,0.0736963
28960,0.148608
28967.3,0.043279
28974.6,0.0506506
28981.9,0.0330151
28989.3,0.05766
28996.6,0.0270421
29003.9,0.0871745
29011.2,0.0467496
29018.6,0.0291529
29025.9,0.0901771
29033.2,0.109619
29040.5,0.332048
29047.9,0.0983339
29055.2,0.141043
29062.5,0.0775365
29069.8,0.0207405
29077.1,0.0176789
29084.5,0.158685
29091.8,0.199067
29099.1,0.059912
29106.4,0.0864779
29113.8,0.0904426
29121.1,0.061557
29128.4,0.0563226
29135.7,0.0336996
29143.1,0.0368883
29150.4,0.0562011
29157.7,0.0824447
29165,0.0762971
29172.4,0.0208312
29179.7,0.0783407
29187,0.140918
29194.3,0.0745464
29201.7,0.0477878
29209,0.0813812
29216.3,0.119659
29223.6,0.0310967
29231,0.01929
29238.3,0.0313188
29245.6,0.0791506
29252.9,0.0794749
29260.3,0.0477891
29267.6,0.0637285
29274.9,0.0395777
29282.2,0.0671552
29289.6,0.0692534
29296.9,0.060762
29304.2,0.135181
29311.5,0.0949518
29318.8,0.0866547
29326.2,0.0297938
29333.5,0.0785951
29340.8,0.0473366
29348.1,0.11582
29355.5,0.0659775
29362.8,0.065305
29370.1,0.0361836
29377.4,0.0424903
29384.8,0.0653936
29392.1,0.0316115
29399.4,0.0416787
29406.7,0.0580082
29414.1,0.0374449
29421.4,0.060392
29428.7,0.0823011
29436,0.0320447
29443.4,0.00517615
29450.7,0.107086
29458,0.0743597
29465.3,0.0725415
29472.7,0.0874803
29480,0.0684489
29487.3,0.0888267
29494.6,0.0594681
29502,0.0655403
29509.3,0.0570907
29516.6,0.064089
29523.9,0.0451358
29531.3,0.0649162
29538.6,0.0639438
29545.9,0.105867
29553.2,0.0179589
29560.5,0.0659365
29567.9,0.0592954
29575.2,0.104874
29582.5,0.117607
29589.8,0.106433
29597.2,0.0900238
29604.5,0.0297201
29611.8,0.0250631
29619.1,0.0458087
29626.5,0.0375301
29633.8,0.0591362
29641.1,0.034838
29648.4,0.0445495
29655.8,0.0537069
29663.1,0.0250404
29670.4,0.029246
29677.7,0.0556973
29685.1,0.0145892
29692.4,0.0685734
29699.7,0.024252
29707,0.039846
29714.4,0.109024
29721.7,0.0623377
29729,0.0376556
29736.3,0.094727
29743.7,0.111395
29751,0.0668186
29758.3,0.076916
29765.6,0.0260171
29772.9,0.0326292
29780.3,0.0475776
29787.6,0.0557763
29794.9,0.0326941
29802.2,0.00979173
29809.6,0.0178693
29816.9,0.0753435
29824.2,0.0926751
29831.5,0.0271116
29838.9,0.0543214
29846.2,0.0605342
29853.5,0.0259767
29860.8,0.0404199
29868.2,0.042468
29875.5,0.0218272
29882.8,0.013425
29890.1,0.0271744
29897.5,0.0646718
29904.8,0.0411436
29912.1,0.0275478
29919.4,0.0712697
29926.8,0.0209814
29934.1,0.0822873
29941.4,0.0589571
29948.7,0.0653856
29956.1,0.0181031
29963.4,0.0742241
29970.7,0.0234406
29978,0.0266412
29985.4,0.0487618
29992.7,0.0418662
