0,2.75047
7.32422,0.0332692
14.6484,0.0816637
21.9727,0.129519
29.2969,0.0505432
36.6211,0.0312632
43.9453,0.182375
51.2695,0.0702398
58.5938,0.0851465
65.918,0.0624791
73.2422,0.0858776
80.5664,0.126909
87.8906,0.137908
95.2148,0.152587
102.539,0.0984066
109.863,0.0340422
117.188,0.0814214
124.512,0.140738
131.836,0.0776532
139.16,0.0482914
146.484,0.0354712
153.809,0.059691
161.133,0.0538643
168.457,0.0312809
175.781,0.0719793
183.105,0.114513
190.43,0.0589631
197.754,0.0316094
205.078,0.0250587
212.402,0.0733813
219.727,0.0809249
227.051,0.108566
234.375,0.0887694
241.699,0.134435
249.023,0.100806
256.348,0.0466088
263.672,0.0550362
270.996,0.0494999
278.32,0.0153312
285.645,0.0279662
292.969,0.0510139
300.293,0.107073
307.617,0.0288148
314.941,0.0724914
322.266,0.036744
329.59,0.0358317
336.914,0.0602558
344.238,0.0752001
351.563,0.0482842
358.887,0.087927
366.211,0.134366
373.535,0.0188039
380.859,0.0559545
388.184,0.0633073
395.508,0.0754674
402.832,0.0455433
410.156,0.10823
417.48,0.0626223
424.805,0.057417
432.129,0.0386988
439.453,0.0846809
446.777,0.0410209
454.102,0.0704876
461.426,0.126329
468.75,0.0858986
476.074,0.064098
483.398,0.0738681
490.723,0.0677737
498.047,0.0572656
505.371,0.143757
512.695,0.025232
520.02,0.0939489
527.344,0.0229552
534.668,0.132139
541.992,0.0468039
549.316,0.185175
556.641,0.0424754
563.965,0.0597882
571.289,0.0254223
578.613,0.10483
585.938,0.0639806
593.262,0.0501151
600.586,0.0612581
607.91,0.0798003
615.234,0.0392491
622.559,0.0550346
629.883,0.0783241
637.207,0.00641759
644.531,0.104916
651.855,0.104886
659.18,0.0710226
666.504,0.065311
673.828,0.0811753
681.152,0.0576149
688.477,0.0642895
695.801,0.0260043
703.125,0.0210213
710.449,0.0852491
717.773,0.0685835
725.098,0.04565
732.422,0.0683752
739.746,0.1323
747.07,0.146627
754.395,0.106871
761.719,0.0454473
769.043,0.0322648
776.367,0.0864217
783.691,0.023872
791.016,0.11172
798.34,0.0853433
805.664,0.0472177
812.988,0.126136
820.313,0.0337094
827.637,0.0444772
834.961,0.0756719
842.285,0.0973089
849.609,0.0756316
856.934,0.063514
864.258,0.0157562
871.582,0.0566247
878.906,0.0579433
886.23,0.090284
893.555,0.0877653
900.879,0.0340847
908.203,0.0376708
915.527,0.0583609
922.852,0.0187159
930.176,0.134202
937.5,0.109173
944.824,0.0855583
952.148,0.0391803
959.473,0.0633024
966.797,0.0850059
974.121,0.0786172
981.445,0.0760129
988.77,0.0456226
996.094,0.0783105
1003.42,0.0777338
1010.74,0.0500331
1018.07,0.0937266
1025.39,0.120432
1032.71,0.141503
1040.04,0.117215
1047.36,0.0445429
1054.69,0.0695407
1062.01,0.0255478
1069.34,0.00657126
1076.66,0.0703905
1083.98,0.0508037
1091.31,0.0769872
1098.63,0.11375
1105.96,0.110896
1113.28,0.0375074
1120.61,0.042182
1127.93,0.0297853
1135.25,0.173911
1142.58,0.108922
1149.9,0.0843239
1157.23,0.00881615
1164.55,0.070755
1171.88,0.0223565
1179.2,0.0464587
1186.52,0.0665469
1193.85,0.0270193
1201.17,0.0818225
1208.5,0.0751991
1215.82,0.122001
1223.14,0.0223244
1230.47,0.108
1237.79,0.113357
1245.12,0.0695453
1252.44,0.0313939
1259.77,0.0497275
1267.09,0.0637174
1274.41,0.0312666
1281.74,0.0709709
1289.06,0.0180311
1296.39,0.0842321
1303.71,0.079076
1311.04,0.116433
1318.36,0.0679569
1325.68,0.11593
1333.01,0.508436
1340.33,0.0240978
1347.66,0.105233
1354.98,0.0293879
1362.3,0.0565612
1369.63,0.142042
1376.95,0.0516698
1384.28,0.128487
1391.6,0.0880147
1398.93,0.0468947
1406.25,0.0830266
1413.57,0.0784429
1420.9,0.00696058
1428.22,0.0782649
1435.55,0.156257
1442.87,0.0798535
1450.2,0.0256444
1457.52,0.113815
1464.84,0.0832046
1472.17,0.0631224
1479.49,0.109793
1486.82,0.0450812
1494.14,0.0630982
1501.46,0.0945575
1508.79,0.0542569
1516.11,0.0189259
1523.44,0.0390084
1530.76,0.190439
1538.09,0.204771
1545.41,0.126526
1552.73,0.0462277
1560.06,0.0466234
1567.38,0.0679253
1574.71,0.0254836
1582.03,0.028884
1589.36,0.0597877
1596.68,0.0602173
1604,0.083143
1611.33,0.0739306
1618.65,0.031782
1625.98,0.0590184
1633.3,0.460516
1640.63,0.0288099
1647.95,0.0314468
1655.27,0.0146869
1662.6,0.0562634
1669.92,0.0709561
1677.25,0.089448
1684.57,0.0261196
1691.89,0.123619
1699.22,0.0759731
1706.54,0.0662026
1713.87,0.126111
1721.19,0.0866451
1728.52,0.314244
1735.84,0.66709
1743.16,0.135605
1750.49,0.0959599
1757.81,0.0809961
1765.14,0.0486171
1772.46,0.0595735
1779.79,0.0991573
1787.11,0.0539889
1794.43,0.0203499
1801.76,0.0159687
1809.08,0.0366605
1816.41,0.062058
1823.73,0.103743
1831.05,0.22912
1838.38,0.100626
1845.7,0.0418821
1853.03,0.0471972
1860.35,0.0192724
1867.68,0.0367933
1875,0.0139656
1882.32,0.0716527
1889.65,0.124444
1896.97,0.0993478
1904.3,0.0544064
1911.62,0.118193
1918.95,0.0727703
1926.27,0.126025
1933.59,0.0414434
1940.92,0.0716429
1948.24,0.0443029
1955.57,0.0495054
1962.89,0.0293092
1970.21,0.0925696
1977.54,0.0533742
1984.86,0.0715565
1992.19,0.0347166
1999.51,0.133173
2006.84,0.0947977
2014.16,0.0646422
2021.48,0.0550035
2028.81,0.0816358
2036.13,0.122102
2043.46,0.0925461
2050.78,0.0384267
2058.11,0.0282481
2065.43,0.0480718
2072.75,0.113843
2080.08,0.0290467
2087.4,0.0275935
2094.73,0.024692
2102.05,0.087715
2109.38,0.0326525
2116.7,0.0808354
2124.02,0.106012
2131.35,0.0742292
2138.67,0.0631861
2146,0.100224
2153.32,0.0959401
2160.64,0.0373215
2167.97,0.154893
2175.29,0.0494321
2182.62,0.0359128
2189.94,0.0288652
2197.27,0.0323519
2204.59,0.107462
2211.91,0.0322763
2219.24,0.0575284
2226.56,0.0607614
2233.89,0.0657057
2241.21,0.0962154
2248.54,0.0712319
2255.86,0.0169606
2263.18,0.0261318
2270.51,0.0567113
2277.83,0.0480297
2285.16,0.0656792
2292.48,0.0540815
2299.8,0.0808204
2307.13,0.0146834
2314.45,0.0671841
2321.78,0.0312017
2329.1,0.032034
2336.43,0.0881972
2343.75,0.0864647
2351.07,0.067696
2358.4,0.0556482
2365.72,0.0738508
2373.05,0.149877
2380.37,0.0494605
2387.7,0.0677313
2395.02,0.0289492
2402.34,0.0795866
2409.67,0.0204505
2416.99,0.0518327
2424.32,0.0868274
2431.64,0.0768059
2438.96,0.0315642
2446.29,0.0359449
2453.61,0.0914077
2460.94,0.117058
2468.26,0.0335386
2475.59,0.0431094
2482.91,0.0889368
2490.23,0.0624439
2497.56,0.0843265
2504.88,0.0420046
2512.21,0.0532026
2519.53,0.0228409
2526.86,0.0723998
2534.18,0.011585
2541.5,0.0741775
2548.83,0.095116
2556.15,0.119015
2563.48,0.0234048
2570.8,0.0318434
2578.13,0.0418984
2585.45,0.0414098
2592.77,0.125369
2600.1,0.030323
2607.42,0.0808545
2614.75,0.0600182
2622.07,0.0858513
2629.39,0.0697149
2636.72,0.0541506
2644.04,0.0897198
2651.37,0.0318954
2658.69,0.121956
2666.02,0.0263435
2673.34,0.0627761
2680.66,0.123352
2687.99,0.0427292
2695.31,0.0814884
2702.64,0.066831
2709.96,0.104944
2717.29,0.104844
2724.61,0.087828
2731.93,0.0810413
2739.26,0.0513258
2746.58,0.00726974
2753.91,0.0672823
2761.23,0.0545186
2768.55,0.0956018
2775.88,0.0575879
2783.2,0.0400644
2790.53,0.211068
2797.85,0.0248539
2805.18,0.083395
2812.5,0.0267197
2819.82,0.0316901
2827.15,0.0421019
2834.47,0.052497
2841.8,0.0409264
2849.12,0.0694893
2856.45,0.0606263
2863.77,0.053429
2871.09,0.0296068
2878.42,0.129794
2885.74,0.100285
2893.07,0.0175474
2900.39,0.0342276
2907.71,0.0640139
2915.04,0.0409419
2922.36,0.0162104
2929.69,0.219858
2937.01,0.0331724
2944.34,0.0835008
2951.66,0.0634396
2958.98,0.0572222
2966.31,0.0905665
2973.63,0.137213
2980.96,0.0477673
2988.28,0.163072
2995.61,0.0714268
3002.93,0.0927225
3010.25,0.0477859
3017.58,0.0984397
3024.9,0.0743541
3032.23,0.138908
3039.55,0.0072967
3046.88,0.0324782
3054.2,0.0570432
3061.52,0.0862989
3068.85,0.0651162
3076.17,0.0542433
3083.5,0.011916
3090.82,0.0494901
3098.14,0.0548862
3105.47,0.0495838
3112.79,0.0631863
3120.12,0.107438
3127.44,0.473452
3134.77,0.0688699
3142.09,0.041755
3149.41,0.0652163
3156.74,0.0898385
3164.06,0.0427577
3171.39,0.0745154
3178.71,0.0532555
3186.04,0.121155
3193.36,0.0620176
3200.68,0.0320526
3208.01,0.014223
3215.33,0.0809592
3222.66,0.0903911
3229.98,0.439862
3237.3,0.0722571
3244.63,0.0659038
3251.95,0.0759563
3259.28,0.109305
3266.6,0.0415117
3273.93,0.098197
3281.25,0.155655
3288.57,0.0672624
3295.9,0.0708714
3303.22,0.0337851
3310.55,0.0977845
3317.87,0.0177177
3325.2,0.12133
3332.52,0.14494
3339.84,0.0401098
3347.17,0.0892862
3354.49,0.147374
3361.82,0.0901559
3369.14,0.0739965
3376.46,0.114835
3383.79,0.200261
3391.11,0.11063
3398.44,0.00382498
3405.76,0.116265
3413.09,0.0729148
3420.41,0.106923
3427.73,0.0659945
3435.06,0.0262256
3442.38,0.00302913
3449.71,0.0128204
3457.03,0.0741689
3464.36,0.0800188
3471.68,0.0741352
3479,0.0295676
3486.33,0.0751779
3493.65,0.0423581
3500.98,0.0448914
3508.3,0.0518966
3515.63,0.0585052
3522.95,0.0704352
3530.27,0.0878225
3537.6,0.109735
3544.92,0.0742211
3552.25,0.0831684
3559.57,0.115768
3566.89,0.0366023
3574.22,0.129821
3581.54,0.0454993
3588.87,0.0296735
3596.19,0.0570044
3603.52,0.0650941
3610.84,0.0561329
3618.16,0.0542466
3625.49,0.0357045
3632.81,0.0518211
3640.14,0.0676675
3647.46,0.102466
3654.79,0.0909305
3662.11,0.0379123
3669.43,0.0683821
3676.76,0.10056
3684.08,0.081115
3691.41,0.0139719
3698.73,0.0584117
3706.05,0.109308
3713.38,0.0744485
3720.7,0.0526189
3728.03,0.076863
3735.35,0.0414454
3742.68,0.0723902
3750,0.0841993
3757.32,0.0921869
3764.65,0.113732
3771.97,0.082015
3779.3,0.0476225
3786.62,0.0656073
3793.95,0.106947
3801.27,0.0335843
3808.59,0.0881827
3815.92,0.00903831
3823.24,0.0644504
3830.57,0.0741361
3837.89,0.0562507
3845.21,0.0303828
3852.54,0.0393291
3859.86,0.0114145
3867.19,0.11284
3874.51,0.026668
3881.84,0.122274
3889.16,0.0810749
3896.48,0.054333
3903.81,0.0516434
3911.13,0.116894
3918.46,0.0428681
3925.78,0.0505452
3933.11,0.073004
3940.43,0.0761951
3947.75,0.0139838
3955.08,0.0301774
3962.4,0.0283267
3969.73,0.0486544
3977.05,0.0918613
3984.38,0.0071365
3991.7,0.0457436
3999.02,0.0552193
4006.35,0.0843892
4013.67,0.0408994
4021,0.106752
4028.32,0.000407602
4035.64,0.0641942
4042.97,0.018727
4050.29,0.0329264
4057.62,0.0730527
4064.94,0.112315
4072.27,0.0886607
4079.59,0.0886929
4086.91,0.043197
4094.24,0.0655667
4101.56,0.0343979
4108.89,0.0587372
4116.21,0.0441406
4123.54,0.0718519
4130.86,0.0533814
4138.18,0.09559
4145.51,0.0246238
4152.83,0.0675919
4160.16,0.065536
4167.48,0.0906153
4174.8,0.0761252
4182.13,0.0453242
4189.45,0.0121526
4196.78,0.0580493
4204.1,0.00949476
4211.43,0.0397843
4218.75,0.065695
4226.07,0.0352331
4233.4,0.0833643
4240.72,0.0492714
4248.05,0.0720754
4255.37,0.0779506
4262.7,0.023561
4270.02,0.0291939
4277.34,0.0273581
4284.67,0.0839705
4291.99,0.0469918
4299.32,0.101189
4306.64,0.0618196
4313.96,0.021715
4321.29,0.0396951
4328.61,0.0195317
4335.94,0.0711667
4343.26,0.0806797
4350.59,0.104275
4357.91,0.0476955
4365.23,0.0315092
4372.56,0.0686405
4379.88,0.0471463
4387.21,0.0372903
4394.53,0.0431079
4401.86,0.12605
4409.18,0.0463773
4416.5,0.0897066
4423.83,0.0530118
4431.15,0.0332138
4438.48,0.0626331
4445.8,0.0404981
4453.13,0.0603718
4460.45,0.104643
4467.77,0.0758855
4475.1,0.0822958
4482.42,0.0664495
4489.75,0.069251
4497.07,0.0793496
4504.39,0.0406703
4511.72,0.127538
4519.04,0.0541343
4526.37,0.085002
4533.69,0.033978
4541.02,0.0881793
4548.34,0.0305312
4555.66,0.0674254
4562.99,0.0544642
4570.31,0.0631401
4577.64,0.08619
4584.96,0.047786
4592.29,0.0886951
4599.61,0.0241474
4606.93,0.0639268
4614.26,0.0215439
4621.58,0.0254171
4628.91,0.0391171
4636.23,0.0502272
4643.55,0.0855277
4650.88,0.0551317
4658.2,0.110398
4665.53,0.108166
4672.85,0.0550095
4680.18,0.0143226
4687.5,0.0430712
4694.82,0.104459
4702.15,0.10663
4709.47,0.0492408
4716.8,0.0954221
4724.12,0.0959565
4731.45,0.043898
4738.77,0.0263539
4746.09,0.0537108
4753.42,0.0682257
4760.74,0.0332579
4768.07,0.102697
4775.39,0.0398581
4782.71,0.00346938
4790.04,0.0971839
4797.36,0.0874303
4804.69,0.045391
4812.01,0.0669151
4819.34,0.04601
4826.66,0.0556072
4833.98,0.0558783
4841.31,0.0847858
4848.63,0.0668339
4855.96,0.05609
4863.28,0.104255
4870.61,0.0461678
4877.93,0.0821793
4885.25,0.0410538
4892.58,0.0642835
4899.9,0.0719948
4907.23,0.0173912
4914.55,0.00502844
4921.88,0.0508295
4929.2,0.0409195
4936.52,0.0811925
4943.85,0.118943
4951.17,0.107148
4958.5,0.0101819
4965.82,0.0306653
4973.14,0.062295
4980.47,0.0407894
4987.79,0.104533
4995.12,0.0502213
5002.44,0.0666262
5009.77,0.131531
5017.09,0.0624135
5024.41,0.0466234
5031.74,0.0517549
5039.06,0.0858439
5046.39,0.0204959
5053.71,0.0877756
5061.04,0.0681306
5068.36,0.0164631
5075.68,0.0132574
5083.01,0.0956571
5090.33,0.0296762
5097.66,0.091763
5104.98,0.0442038
5112.3,0.0734397
5119.63,0.0677602
5126.95,0.0909075
5134.28,0.015388
5141.6,0.0301344
5148.93,0.0627676
5156.25,0.0764547
5163.57,0.0397546
5170.9,0.110776
5178.22,0.0725066
5185.55,0.0310445
5192.87,0.104435
5200.2,0.0301115
5207.52,0.126729
5214.84,0.111753
5222.17,0.10617
5229.49,0.0527324
5236.82,0.0714881
5244.14,0.0547555
5251.46,0.0311606
5258.79,0.108605
5266.11,0.126954
5273.44,0.0681759
5280.76,0.115009
5288.09,0.0851843
5295.41,0.0833387
5302.73,0.0544978
5310.06,0.0793886
5317.38,0.0561256
5324.71,0.0602989
5332.03,0.0938807
5339.36,0.129574
5346.68,0.0488836
5354,0.0160581
5361.33,0.0491708
5368.65,0.0378622
5375.98,0.0854264
5383.3,0.00500217
5390.63,0.0563899
5397.95,0.0447479
5405.27,0.0702123
5412.6,0.0403482
5419.92,0.0110432
5427.25,0.0669738
5434.57,0.0685435
5441.89,0.0580573
5449.22,0.0462644
5456.54,0.128747
5463.87,0.0875994
5471.19,0.036414
5478.52,0.110317
5485.84,0.0784347
5493.16,0.0297642
5500.49,0.0349659
5507.81,0.0893801
5515.14,0.0674446
5522.46,0.00859223
5529.79,0.0556488
5537.11,0.0904045
5544.43,0.0610347
5551.76,0.108396
5559.08,0.0382851
5566.41,0.100827
5573.73,0.0468738
5581.05,0.0793086
5588.38,0.0675995
5595.7,0.0292703
5603.03,0.0546264
5610.35,0.051646
5617.68,0.0718332
5625,0.0309161
5632.32,0.0733948
5639.65,0.0274408
5646.97,0.0794355
5654.3,0.0548918
5661.62,0.0399744
5668.95,0.0720969
5676.27,0.0398864
5683.59,0.125
5690.92,0.0750909
5698.24,0.0679982
5705.57,0.0390697
5712.89,0.0489476
5720.21,0.0339968
5727.54,0.0610825
5734.86,0.0324043
5742.19,0.101704
5749.51,0.0966285
5756.84,0.0288669
5764.16,0.0334754
5771.48,0.139655
5778.81,0.0628222
5786.13,0.0740606
5793.46,0.0963207
5800.78,0.03713
5808.11,0.0586349
5815.43,0.0444301
5822.75,0.0417945
5830.08,0.0595081
5837.4,0.0673872
5844.73,0.110448
5852.05,0.101359
5859.38,0.00605486
5866.7,0.0570533
5874.02,0.0680064
5881.35,0.0509061
5888.67,0.0668711
5896,0.118556
5903.32,0.05488
5910.64,0.100602
5917.97,0.0701298
5925.29,0.0956524
5932.62,0.0630869
5939.94,0.120879
5947.27,0.0294599
5954.59,0.0730405
5961.91,0.0146045
5969.24,0.0672985
5976.56,0.0955927
5983.89,0.0440086
5991.21,0.064592
5998.54,0.0919694
6005.86,0.0658465
6013.18,0.0426027
6020.51,0.0518964
6027.83,0.0815846
6035.16,0.106122
6042.48,0.0982219
6049.8,0.0783539
6057.13,0.0162229
6064.45,0.0399691
6071.78,0.0579754
6079.1,0.0543311
6086.43,0.0287112
6093.75,0.0294653
6101.07,0.0301892
6108.4,0.0568556
6115.72,0.0741338
6123.05,0.10389
6130.37,0.047786
6137.7,0.0339371
6145.02,0.0207734
6152.34,0.0068219
6159.67,0.0683527
6166.99,0.0281942
6174.32,0.0383094
6181.64,0.043512
6188.96,0.0261823
6196.29,0.0172634
6203.61,0.0521747
6210.94,0.0576069
6218.26,0.0568706
6225.59,0.0584477
6232.91,0.0113891
6240.23,0.00632998
6247.56,0.015544
6254.88,0.130437
6262.21,0.0303865
6269.53,0.00433612
6276.86,0.0944664
6284.18,0.0215913
6291.5,0.0820506
6298.83,0.00458876
6306.15,0.00958111
6313.48,0.091138
6320.8,0.0249318
6328.13,0.0217498
6335.45,0.054335
6342.77,0.0546058
6350.1,0.0804702
6357.42,0.0337461
6364.75,0.0573695
6372.07,0.0959121
6379.39,0.0897682
6386.72,0.0753361
6394.04,0.0439767
6401.37,0.0921006
6408.69,0.0623373
6416.02,0.0190624
6423.34,0.0407462
6430.66,0.0907082
6437.99,0.0219202
6445.31,0.0656042
6452.64,0.0337763
6459.96,0.0228232
6467.29,0.0520719
6474.61,0.0839803
6481.93,0.0277432
6489.26,0.0682066
6496.58,0.119795
6503.91,0.0208154
6511.23,0.0582259
6518.55,0.0335868
6525.88,0.0710104
6533.2,0.0234345
6540.53,0.0448507
6547.85,0.0735409
6555.18,0.0634834
6562.5,0.0558599
6569.82,0.0315529
6577.15,0.0313809
6584.47,0.0316345
6591.8,0.147041
6599.12,0.0216921
6606.45,0.0721405
6613.77,0.0677306
6621.09,0.0739044
6628.42,0.0477646
6635.74,0.11143
6643.07,0.00371471
6650.39,0.066945
6657.71,0.0216655
6665.04,0.113911
6672.36,0.0687814
6679.69,0.0590502
6687.01,0.119806
6694.34,0.120757
6701.66,0.0573562
6708.98,0.036345
6716.31,0.0560557
6723.63,0.100889
6730.96,0.0805961
6738.28,0.0321639
6745.61,0.0435732
6752.93,0.0554131
6760.25,0.0734635
6767.58,0.0422243
6774.9,0.0734488
6782.23,0.0836464
6789.55,0.0709686
6796.88,0.0795308
6804.2,0.0197269
6811.52,0.0363767
6818.85,0.0730757
6826.17,0.0242453
6833.5,0.0634778
6840.82,0.037369
6848.14,0.0348351
6855.47,0.0265752
6862.79,0.0674754
6870.12,0.0709635
6877.44,0.0561073
6884.77,0.042243
6892.09,0.0435424
6899.41,0.103305
6906.74,0.0593463
6914.06,0.111496
6921.39,0.028278
6928.71,0.0451443
6936.04,0.0151055
6943.36,0.0445668
6950.68,0.035493
6958.01,0.106058
6965.33,0.0657724
6972.66,0.0380024
6979.98,0.0388996
6987.3,0.123561
6994.63,0.0281544
7001.95,0.0781208
7009.28,0.0729898
7016.6,0.0887093
7023.93,0.0382664
7031.25,0.125044
7038.57,0.0778892
7045.9,0.0476785
7053.22,0.0486041
7060.55,0.0281069
7067.87,0.0243129
7075.2,0.0223531
7082.52,0.0453411
7089.84,0.0895332
7097.17,0.0760877
7104.49,0.0467431
7111.82,0.0135693
7119.14,0.026996
7126.46,0.0899724
7133.79,0.0672645
7141.11,0.164365
7148.44,0.0815015
7155.76,0.0508914
7163.09,0.0627975
7170.41,0.0649723
7177.73,0.0172885
7185.06,0.0838207
7192.38,0.0993124
7199.71,0.0396182
7207.03,0.123681
7214.36,0.0471203
7221.68,0.0207396
7229,0.0149212
7236.33,0.0309596
7243.65,0.0972045
7250.98,0.0368637
7258.3,0.0812734
7265.63,0.0882659
7272.95,0.128407
7280.27,0.0510364
7287.6,0.0712321
7294.92,0.10588
7302.25,0.0732713
7309.57,0.043481
7316.89,0.0478394
7324.22,0.109017
7331.54,0.0170256
7338.87,0.0504484
7346.19,0.0403808
7353.52,0.0983162
7360.84,0.0375239
7368.16,0.102878
7375.49,0.108018
7382.81,0.095114
7390.14,0.140449
7397.46,0.096268
7404.79,0.038726
7412.11,0.135671
7419.43,0.0905824
7426.76,0.0734878
7434.08,0.0600983
7441.41,0.0480641
7448.73,0.0462446
7456.05,0.024252
7463.38,0.0477066
7470.7,0.085297
7478.03,0.0414265
7485.35,0.010244
7492.68,0.144502
7500,0.0707526
7507.32,0.0754946
7514.65,0.0890694
7521.97,0.0169623
7529.3,0.0472375
7536.62,0.0647372
7543.95,0.0283906
7551.27,0.0461436
7558.59,0.0499566
7565.92,0.0313631
7573.24,0.0306318
7580.57,0.153234
7587.89,0.0513139
7595.21,0.0287173
7602.54,0.0513575
7609.86,0.0316711
7617.19,0.0829071
7624.51,0.0958553
7631.84,0.0940163
7639.16,0.0451287
7646.48,0.0673707
7653.81,0.0387447
7661.13,0.0504396
7668.46,0.101996
7675.78,0.0600098
7683.11,0.0525216
7690.43,0.0217638
7697.75,0.0859284
7705.08,0.0703901
7712.4,0.0859876
7719.73,0.128555
7727.05,0.0611291
7734.38,0.0557283
7741.7,0.0608818
7749.02,0.0900113
7756.35,0.021017
7763.67,0.0586023
7771,0.0409897
7778.32,0.0879805
7785.64,0.0772612
7792.97,0.0798011
7800.29,0.0400242
7807.62,0.021541
7814.94,0.0826716
7822.27,0.0413671
7829.59,0.0630463
7836.91,0.0223858
7844.24,0.0171872
7851.56,0.086277
7858.89,0.0959945
7866.21,0.0484099
7873.54,0.062053
7880.86,0.0674978
7888.18,0.0455323
7895.51,0.057711
7902.83,0.012039
7910.16,0.0894531
7917.48,0.0845854
7924.8,0.041749
7932.13,0.0616264
7939.45,0.0636994
7946.78,0.0342241
7954.1,0.0613085
7961.43,0.0404485
7968.75,0.0586376
7976.07,0.0860319
7983.4,0.00716529
7990.72,0.121663
7998.05,0.0386914
8005.37,0.051704
8012.7,0.0789198
8020.02,0.0925925
8027.34,0.0500993
8034.67,0.0447003
8041.99,0.0791685
8049.32,0.0229692
8056.64,0.0399036
8063.96,0.0565039
8071.29,0.0936508
8078.61,0.0585975
8085.94,0.0764912
8093.26,0.0873008
8100.59,0.0276379
8107.91,0.0795825
8115.23,0.0375632
8122.56,0.0816757
8129.88,0.0415935
8137.21,0.0140529
8144.53,0.103782
8151.86,0.0501148
8159.18,0.0627753
8166.5,0.0226017
8173.83,0.0537719
8181.15,0.0562044
8188.48,0.0884043
8195.8,0.0802433
8203.13,0.0734195
8210.45,0.039978
8217.77,0.0487357
8225.1,0.0624688
8232.42,0.0660188
8239.75,0.0385644
8247.07,0.0960556
8254.39,0.0492714
8261.72,0.081295
8269.04,0.0485624
8276.37,0.0510804
8283.69,0.069259
8291.02,0.0998901
8298.34,0.0666217
8305.66,0.0115499
8312.99,0.052074
8320.31,0.108882
8327.64,0.0433906
8334.96,0.0495663
8342.29,0.0849387
8349.61,0.0436931
8356.93,0.102903
8364.26,0.0419473
8371.58,0.0139732
8378.91,0.0457746
8386.23,0.0687393
8393.55,0.0623065
8400.88,0.0049552
8408.2,0.0416577
8415.53,0.0938085
8422.85,0.0583709
8430.18,0.0962004
8437.5,0.0200426
8444.82,0.0689114
8452.15,0.0854348
8459.47,0.0520088
8466.8,0.0539176
8474.12,0.0540073
8481.45,0.0691119
8488.77,0.0788431
8496.09,0.080791
8503.42,0.0256023
8510.74,0.0768764
8518.07,0.0226256
8525.39,0.0346484
8532.71,0.013408
8540.04,0.0489343
8547.36,0.043027
8554.69,0.0619997
8562.01,0.0486776
8569.34,0.0506775
8576.66,0.152117
8583.98,0.030769
8591.31,0.017595
8598.63,0.055416
8605.96,0.0648661
8613.28,0.118837
8620.61,0.11733
8627.93,0.0308387
8635.25,0.0279745
8642.58,0.0409901
8649.9,0.00970931
8657.23,0.067389
8664.55,0.0756996
8671.88,0.0761729
8679.2,0.114178
8686.52,0.0483499
8693.85,0.0485604
8701.17,0.0479471
8708.5,0.0734061
8715.82,0.0613305
8723.14,0.119588
8730.47,0.116964
8737.79,0.0506903
8745.12,0.0443586
8752.44,0.0402991
8759.77,0.139375
8767.09,0.0388552
8774.41,0.0248671
8781.74,0.055593
8789.06,0.054743
8796.39,0.0404885
8803.71,0.0299777
8811.04,0.090988
8818.36,0.0207071
8825.68,0.0421828
8833.01,0.0272372
8840.33,0.0381323
8847.66,0.127923
8854.98,0.0812242
8862.3,0.118686
8869.63,0.0997607
8876.95,0.0668663
8884.28,0.00581664
8891.6,0.0724999
8898.93,0.0555565
8906.25,0.0261337
8913.57,0.0371708
8920.9,0.0338638
8928.22,0.0965577
8935.55,0.0722062
8942.87,0.0233393
8950.2,0.0876349
8957.52,0.022055
8964.84,0.0997299
8972.17,0.0326338
8979.49,0.144102
8986.82,0.0316005
8994.14,0.11103
9001.46,0.0658553
9008.79,0.083207
9016.11,0.0495618
9023.44,0.0855364
9030.76,0.0415174
9038.09,0.0310439
9045.41,0.0648392
9052.73,0.046649
9060.06,0.0735599
9067.38,0.0333267
9074.71,0.0795659
9082.03,0.054572
9089.36,0.136614
9096.68,0.0837148
9104,0.0424452
9111.33,0.0941214
9118.65,0.138146
9125.98,0.105366
9133.3,0.0617574
9140.63,0.0296236
9147.95,0.0386835
9155.27,0.0819244
9162.6,0.070905
9169.92,0.0436453
9177.25,0.0475222
9184.57,0.108642
9191.89,0.110012
9199.22,0.0462147
9206.54,0.0823137
9213.87,0.0969367
9221.19,0.0291378
9228.52,0.034125
9235.84,0.113906
9243.16,0.0466608
9250.49,0.0614669
9257.81,0.0104454
9265.14,0.0307825
9272.46,0.0397855
9279.79,0.0411756
9287.11,0.499901
9294.43,0.0940633
9301.76,0.0524393
9309.08,0.0525763
9316.41,0.0428152
9323.73,0.0855774
9331.05,0.0845007
9338.38,0.0214298
9345.7,0.0680127
9353.03,0.0790162
9360.35,0.0371567
9367.68,0.0287831
9375,0.132176
9382.32,0.0755556
9389.65,0.086275
9396.97,0.108576
9404.3,0.0940005
9411.62,0.0575045
9418.95,0.110113
9426.27,0.0480076
9433.59,0.0725082
9440.92,0.0268844
9448.24,0.0769057
9455.57,0.0295212
9462.89,0.0280086
9470.21,0.0609291
9477.54,0.0605899
9484.86,0.0384172
9492.19,0.0247311
9499.51,0.114984
9506.84,0.0372441
9514.16,0.0525711
9521.48,0.046322
9528.81,0.106962
9536.13,0.0839246
9543.46,0.0662741
9550.78,0.0616746
9558.11,0.0428048
9565.43,0.0551842
9572.75,0.0338799
9580.08,0.0171231
9587.4,0.0770249
9594.73,0.068149
9602.05,0.110894
9609.38,0.0485178
9616.7,0.0558908
9624.02,0.101177
9631.35,0.0421502
9638.67,0.0331868
9646,0.0442593
9653.32,0.0613355
9660.64,0.0608625
9667.97,0.0486287
9675.29,0.0700396
9682.62,0.099283
9689.94,0.0134487
9697.27,0.0939367
9704.59,0.0821118
9711.91,0.0145541
9719.24,0.0555493
9726.56,0.12697
9733.89,0.027673
9741.21,0.0842002
9748.54,0.0544941
9755.86,0.0848147
9763.18,0.0739173
9770.51,0.0652743
9777.83,0.040907
9785.16,0.0165578
9792.48,0.143002
9799.8,0.0261199
9807.13,0.108608
9814.45,0.00942239
9821.78,0.100261
9829.1,0.0451905
9836.43,0.0604191
9843.75,0.0600328
9851.07,0.0700823
9858.4,0.019049
9865.72,0.0876904
9873.05,0.0951056
9880.37,0.0147384
9887.7,0.0348013
9895.02,0.0813164
9902.34,0.0679256
9909.67,0.0368382
9916.99,0.129156
9924.32,0.049478
9931.64,0.0943981
9938.96,0.0875591
9946.29,0.10229
9953.61,0.0323325
9960.94,0.0902899
9968.26,0.0101129
9975.59,0.0418318
9982.91,0.157487
9990.23,0.102661
9997.56,0.0397939
10004.9,0.116138
10012.2,0.0654512
10019.5,0.0104198
10026.9,0.0199916
10034.2,0.0534493
10041.5,0.0516475
10048.8,0.0466713
10056.2,0.0233627
10063.5,0.0643769
10070.8,0.0454016
10078.1,0.0402237
10085.4,0.0407742
10092.8,0.0501063
10100.1,0.0724456
10107.4,0.0823517
10114.7,0.0594544
10122.1,0.0412729
10129.4,0.0889772
10136.7,0.0250691
10144,0.084112
10151.4,0.0499489
10158.7,0.0404397
10166,0.0489013
10173.3,0.0722287
10180.7,0.0849069
10188,0.029651
10195.3,0.0311789
10202.6,0.0482106
10210,0.0138901
10217.3,0.0207187
10224.6,0.0331166
10231.9,0.0372518
10239.3,0.0546107
10246.6,0.0669529
10253.9,0.0702746
10261.2,0.0201464
10268.6,0.0437142
10275.9,0.0356198
10283.2,0.0123099
10290.5,0.0658611
10297.9,0.0262791
10305.2,0.0254347
10312.5,0.132283
10319.8,0.0184601
10327.1,0.0467184
10334.5,0.0218092
10341.8,0.0596472
10349.1,0.103261
10356.4,0.035943
10363.8,0.124669
10371.1,0.133454
10378.4,0.133147
10385.7,0.0726441
10393.1,0.0539247
10400.4,0.0316456
10407.7,0.0360389
10415,0.0900854
10422.4,0.0599144
10429.7,0.0857995
10437,0.132818
10444.3,0.0389554
10451.7,0.0469731
10459,0.0476751
10466.3,0.0331721
10473.6,0.0911301
10481,0.0310867
10488.3,0.0691369
10495.6,0.0924418
10502.9,0.0536759
10510.3,0.0160785
10517.6,0.0412521
10524.9,0.0917926
10532.2,0.0492141
10539.6,0.0982618
10546.9,0.0626332
10554.2,0.0482479
10561.5,0.0982722
10568.8,0.0738765
10576.2,0.0265498
10583.5,0.0389649
10590.8,0.0222965
10598.1,0.142503
10605.5,0.0644895
10612.8,0.0347145
10620.1,0.0248836
10627.4,0.0780033
10634.8,0.0766321
10642.1,0.112409
10649.4,0.148472
10656.7,0.0819065
10664.1,0.0387569
10671.4,0.0387869
10678.7,0.0826233
10686,0.0422839
10693.4,0.0611274
10700.7,0.0549943
10708,0.102861
10715.3,0.0555693
10722.7,0.0526451
10730,0.0737231
10737.3,0.0558584
10744.6,0.0446356
10752,0.0439461
10759.3,0.0963235
10766.6,0.0567414
10773.9,0.0367069
10781.3,0.0323272
10788.6,0.0433875
10795.9,0.0172154
10803.2,0.111965
10810.5,0.110448
10817.9,0.0640787
10825.2,0.0959638
10832.5,0.0718161
10839.8,0.0637075
10847.2,0.0700842
10854.5,0.105432
10861.8,0.021999
10869.1,0.0553738
10876.5,0.0363967
10883.8,0.103871
10891.1,0.0243379
10898.4,0.051107
10905.8,0.0438009
10913.1,0.0569924
10920.4,0.0846944
10927.7,0.063098
10935.1,0.025786
10942.4,0.0677899
10949.7,0.0330004
10957,0.0857939
10964.4,0.0169185
10971.7,0.0414114
10979,0.114562
10986.3,0.0133039
10993.7,0.0419318
11001,0.0801424
11008.3,0.105246
11015.6,0.0142512
11022.9,0.0423157
11030.3,0.0969184
11037.6,0.0217044
11044.9,0.0304336
11052.2,0.0915611
11059.6,0.026132
11066.9,0.0943702
11074.2,0.0744756
11081.5,0.0820716
11088.9,0.0786063
11096.2,0.0242994
11103.5,0.11699
11110.8,0.0794351
11118.2,0.0386812
11125.5,0.0557452
11132.8,0.0287363
11140.1,0.0794837
11147.5,0.0457666
11154.8,0.0234067
11162.1,0.0543433
11169.4,0.0562186
11176.8,0.0629973
11184.1,0.0591082
11191.4,0.0340627
11198.7,0.10994
11206.1,0.0978211
11213.4,0.0348432
11220.7,0.0815684
11228,0.015339
11235.4,0.0600124
11242.7,0.069488
11250,0.0561183
11257.3,0.0669325
11264.6,0.117516
11272,0.0903299
11279.3,0.0582634
11286.6,0.10622
11293.9,0.0448632
11301.3,0.0312796
11308.6,0.0342309
11315.9,0.0139758
11323.2,0.0526397
11330.6,0.0457126
11337.9,0.0406127
11345.2,0.0384512
11352.5,0.0303287
11359.9,0.0387812
11367.2,0.0393804
11374.5,0.090228
11381.8,0.0500119
11389.2,0.0321883
11396.5,0.0707944
11403.8,0.0348522
11411.1,0.0176785
11418.5,0.193082
11425.8,0.0543901
11433.1,0.0290536
11440.4,0.0580192
11447.8,0.0344526
11455.1,0.0356174
11462.4,0.101279
11469.7,0.0844923
11477.1,0.0444186
11484.4,0.106562
11491.7,0.0537044
11499,0.101137
11506.3,0.112716
11513.7,0.0694602
11521,0.0334235
11528.3,0.091796
11535.6,0.110926
11543,0.0503707
11550.3,0.0667304
11557.6,0.100251
11564.9,0.0796775
11572.3,0.0430676
11579.6,0.0591657
11586.9,0.0346938
11594.2,0.0645031
11601.6,0.0756676
11608.9,0.0223695
11616.2,0.124176
11623.5,0.0487637
11630.9,0.0190078
11638.2,0.0579383
11645.5,0.0539523
11652.8,0.0547744
11660.2,0.147013
11667.5,0.0404773
11674.8,0.0377367
11682.1,0.0487002
11689.5,0.0271441
11696.8,0.0610201
11704.1,0.0592854
11711.4,0.0848075
11718.8,0.0240549
11726.1,0.0589027
11733.4,0.0449757
11740.7,0.0433366
11748,0.055101
11755.4,0.0346266
11762.7,0.0159202
11770,0.0592547
11777.3,0.069167
11784.7,0.0652234
11792,0.0785205
11799.3,0.0829574
11806.6,0.0566151
11814,0.0801342
11821.3,0.123001
11828.6,0.0583393
11835.9,0.187524
11843.3,0.142889
11850.6,0.198509
11857.9,0.102235
11865.2,0.127553
11872.6,0.102362
11879.9,0.15032
11887.2,0.0773045
11894.5,0.0941249
11901.9,0.137227
11909.2,0.0835336
11916.5,0.10391
11923.8,0.0627915
11931.2,0.0331842
11938.5,0.0290442
11945.8,0.068006
11953.1,0.00896816
11960.4,0.0063513
11967.8,0.0689622
11975.1,0.0471634
11982.4,0.0765602
11989.7,0.047285
11997.1,0.104055
12004.4,0.108831
12011.7,0.0805864
12019,0.035156
12026.4,0.045005
12033.7,0.0463907
12041,0.0335744
12048.3,0.07855
12055.7,0.0302436
12063,0.0926356
12070.3,0.024798
12077.6,0.073334
12085,0.06845
12092.3,0.0417507
12099.6,0.0850414
12106.9,0.0598342
12114.3,0.0582304
12121.6,0.0557614
12128.9,0.010431
12136.2,0.155228
12143.6,0.0345469
12150.9,0.0506047
12158.2,0.0399927
12165.5,0.154073
12172.9,0.0701319
12180.2,0.0886314
12187.5,0.00823615
12194.8,0.0308005
12202.1,0.0148849
12209.5,0.0276532
12216.8,0.0533803
12224.1,0.140164
12231.4,0.0503961
12238.8,0.0413858
12246.1,0.0328862
12253.4,0.061484
12260.7,0.12549
12268.1,0.0222809
12275.4,0.0442038
12282.7,0.102645
12290,0.0874062
12297.4,0.0201926
12304.7,0.102858
12312,0.0525988
12319.3,0.0255908
12326.7,0.0100616
12334,0.0214963
12341.3,0.0529826
12348.6,0.101247
12356,0.012574
12363.3,0.055665
12370.6,0.109492
12377.9,0.0363967
12385.3,0.0448309
12392.6,0.0146873
12399.9,0.0624049
12407.2,0.081794
12414.6,0.0288307
12421.9,0.0959714
12429.2,0.0841138
12436.5,0.0466056
12443.8,0.108449
12451.2,0.0667233
12458.5,0.0413549
12465.8,0.0852165
12473.1,0.038816
12480.5,0.071638
12487.8,0.0680047
12495.1,0.0875588
12502.4,0.0584931
12509.8,0.0718875
12517.1,0.0806799
12524.4,0.0424157
12531.7,0.155728
12539.1,0.0261382
12546.4,0.0323399
12553.7,0.0444707
12561,0.0523816
12568.4,0.0678839
12575.7,0.0238326
12583,0.084924
12590.3,0.0775881
12597.7,0.0378028
12605,0.0142157
12612.3,0.0546064
12619.6,0.104153
12627,0.14984
12634.3,0.0199215
12641.6,0.0682214
12648.9,0.0574083
12656.3,0.0735348
12663.6,0.0696275
12670.9,0.105973
12678.2,0.0474902
12685.5,0.0193212
12692.9,0.0514407
12700.2,0.00358086
12707.5,0.128495
12714.8,0.0206788
12722.2,0.11312
12729.5,0.0333352
12736.8,0.0104398
12744.1,0.0499204
12751.5,0.0858348
12758.8,0.102776
12766.1,0.0717196
12773.4,0.0260339
12780.8,0.105542
12788.1,0.083161
12795.4,0.0228563
12802.7,0.0295943
12810.1,0.0452962
12817.4,0.1283
12824.7,0.0222317
12832,0.170425
12839.4,0.0402964
12846.7,0.0370952
12854,0.051771
12861.3,0.0740065
12868.7,0.0574387
12876,0.0874361
12883.3,0.138696
12890.6,0.12291
12897.9,0.0982262
12905.3,0.0283076
12912.6,0.0781907
12919.9,0.120945
12927.2,0.0414009
12934.6,0.0163729
12941.9,0.0532478
12949.2,0.0530734
12956.5,0.123507
12963.9,0.11553
12971.2,0.0751364
12978.5,0.0192472
12985.8,0.0957031
12993.2,0.0822374
13000.5,0.17937
13007.8,0.052361
13015.1,0.0758869
13022.5,0.0646707
13029.8,0.0563922
13037.1,0.0985138
13044.4,0.0375528
13051.8,0.0318533
13059.1,0.0591202
13066.4,0.08746
13073.7,0.0559816
13081.1,0.0728376
13088.4,0.0408387
13095.7,0.0165216
13103,0.0574539
13110.4,0.0303044
13117.7,0.0918362
13125,0.0472021
13132.3,0.0393282
13139.6,0.0145356
13147,0.039402
13154.3,0.0238962
13161.6,0.0312019
13168.9,0.0513908
13176.3,0.0676087
13183.6,0.0486909
13190.9,0.0473025
13198.2,0.0695832
13205.6,0.0410425
13212.9,0.0523518
13220.2,0.108596
13227.5,0.0605468
13234.9,0.0272852
13242.2,0.0141428
13249.5,0.0826811
13256.8,0.0143699
13264.2,0.0655509
13271.5,0.0666065
13278.8,0.0682991
13286.1,0.0880315
13293.5,0.0972525
13300.8,0.0491936
13308.1,0.0420942
13315.4,0.0670628
13322.8,0.0648747
13330.1,0.0162957
13337.4,0.12857
13344.7,0.07442
13352.1,0.0835906
13359.4,0.0706423
13366.7,0.0324217
13374,0.076349
13381.3,0.059698
13388.7,0.01919
13396,0.036744
13403.3,0.0838504
13410.6,0.0739751
13418,0.0975891
13425.3,0.133043
13432.6,0.0951263
13439.9,0.101818
13447.3,0.115961
13454.6,0.0382831
13461.9,0.0255208
13469.2,0.0473983
13476.6,0.0405989
13483.9,0.105964
13491.2,0.109478
13498.5,0.0653893
13505.9,0.101873
13513.2,0.0745472
13520.5,0.118423
13527.8,0.0205449
13535.2,0.153501
13542.5,0.0196218
13549.8,0.072028
13557.1,0.141446
13564.5,0.264575
13571.8,0.0608233
13579.1,0.0507985
13586.4,0.0525225
13593.8,0.0501575
13601.1,0.069562
13608.4,0.148748
13615.7,0.0981287
13623,0.0367148
13630.4,0.0678256
13637.7,0.00703933
13645,0.0883131
13652.3,0.0731216
13659.7,0.107954
13667,0.056537
13674.3,0.0437158
13681.6,0.0308129
13689,0.083521
13696.3,0.0960935
13703.6,0.013201
13710.9,0.0551218
13718.3,0.0541275
13725.6,0.147552
13732.9,0.093837
13740.2,0.112176
13747.6,0.0337397
13754.9,0.0711944
13762.2,0.0749037
13769.5,0.074874
13776.9,0.158176
13784.2,0.0506833
13791.5,0.0526291
13798.8,0.0879533
13806.2,0.0818067
13813.5,0.070366
13820.8,0.055623
13828.1,0.0944779
13835.4,0.11905
13842.8,0.0925925
13850.1,0.0847657
13857.4,0.0636502
13864.7,0.0603229
13872.1,0.0523228
13879.4,0.0209059
13886.7,0.116688
13894,0.0923531
13901.4,0.0831396
13908.7,0.0713526
13916,0.121901
13923.3,0.103324
13930.7,0.0320394
13938,0.0728293
13945.3,0.159962
13952.6,0.040136
13960,0.04985
13967.3,0.0949242
13974.6,0.112002
13981.9,0.0814271
13989.3,0.0281777
13996.6,0.0200622
14003.9,0.0821761
14011.2,0.0330973
14018.6,0.0787012
14025.9,0.0588438
14033.2,0.0449956
14040.5,0.0406987
14047.9,0.0872861
14055.2,0.087139
14062.5,0.076982
14069.8,0.0690321
14077.1,0.0676397
14084.5,0.0672638
14091.8,0.0473359
14099.1,0.103969
14106.4,0.120589
14113.8,0.11819
14121.1,0.0932285
14128.4,0.0389642
14135.7,0.075406
14143.1,0.0817324
14150.4,0.0693239
14157.7,0.0655903
14165,0.0504616
14172.4,0.089635
14179.7,0.0596737
14187,0.0263982
14194.3,0.0605033
14201.7,0.113956
14209,0.0873038
14216.3,0.161295
14223.6,0.0510696
14231,0.121058
14238.3,0.15068
14245.6,0.0609672
14252.9,0.0932649
14260.3,0.0838762
14267.6,0.112017
14274.9,0.029365
14282.2,0.18702
14289.6,0.052959
14296.9,0.0410761
14304.2,0.039443
14311.5,0.0758235
14318.8,0.0627724
14326.2,0.0712943
14333.5,0.0334917
14340.8,0.109064
14348.1,0.0854068
14355.5,0.07528
14362.8,0.133727
14370.1,0.113582
14377.4,0.0189075
14384.8,0.00733273
14392.1,0.0161251
14399.4,0.00555192
14406.7,0.0671853
14414.1,0.137017
14421.4,0.0745178
14428.7,0.082784
14436,0.0678572
14443.4,0.150714
14450.7,0.0277905
14458,0.0987421
14465.3,0.0866586
14472.7,0.123677
14480,0.10598
14487.3,0.113486
14494.6,0.0414253
14502,0.0277765
14509.3,0.0969158
14516.6,0.132141
14523.9,0.133246
14531.3,0.0601716
14538.6,0.0471562
14545.9,0.0387522
14553.2,0.0744194
14560.5,0.0720048
14567.9,0.115264
14575.2,0.0708517
14582.5,0.0575088
14589.8,0.0507856
14597.2,0.0792098
14604.5,0.0585072
14611.8,0.0186297
14619.1,0.107465
14626.5,0.161522
14633.8,0.0659122
14641.1,0.0855066
14648.4,0.144068
14655.8,0.0787326
14663.1,0.0376012
14670.4,0.131855
14677.7,0.0843003
14685.1,0.105381
14692.4,0.137528
14699.7,0.0892605
14707,0.156082
14714.4,0.0641422
14721.7,0.0637866
14729,0.0309994
14736.3,0.00524101
14743.7,0.0702657
14751,0.0889562
14758.3,0.140109
14765.6,0.0729234
14772.9,0.012291
14780.3,0.149992
14787.6,0.109282
14794.9,0.0725357
14802.2,0.062523
14809.6,0.0621815
14816.9,0.170213
14824.2,0.0782887
14831.5,0.123763
14838.9,0.0480397
14846.2,0.158927
14853.5,0.138383
14860.8,0.0332622
14868.2,0.042882
14875.5,0.143989
14882.8,0.0974621
14890.1,0.0564752
14897.5,0.036114
14904.8,0.0221549
14912.1,0.0646491
14919.4,0.0773141
14926.8,0.0341172
14934.1,0.0530063
14941.4,0.0798939
14948.7,0.0799459
14956.1,0.104687
14963.4,0.0498438
14970.7,0.0348539
14978,0.154741
14985.4,0.0109133
14992.7,0.0462507
15000,0.0423555
15007.3,0.11848
15014.6,0.140419
15022,0.111864
15029.3,0.0487836
15036.6,0.0600364
15043.9,0.156718
15051.3,0.0321857
15058.6,0.0260705
15065.9,0.141424
15073.2,0.146554
15080.6,0.0499914
15087.9,0.0216601
15095.2,0.0294163
15102.5,0.0555532
15109.9,0.0491466
15117.2,0.126882
15124.5,0.0843377
15131.8,0.0964163
15139.2,0.199205
15146.5,0.0268027
15153.8,0.0587001
15161.1,0.0504672
15168.5,0.03072
15175.8,0.0814648
15183.1,0.129985
15190.4,0.0605075
15197.8,0.0741346
15205.1,0.0487363
15212.4,0.120052
15219.7,0.034818
15227.1,0.0963267
15234.4,0.0538545
15241.7,0.107479
15249,0.077578
15256.3,0.0243263
15263.7,0.0454125
15271,0.0997821
15278.3,0.074795
15285.6,0.140161
15293,0.125122
15300.3,0.103127
15307.6,0.0452591
15314.9,0.0387876
15322.3,0.0613255
15329.6,0.0771545
15336.9,0.0382381
15344.2,0.0390215
15351.6,0.00144014
15358.9,0.0758981
15366.2,0.0442749
15373.5,0.0211574
15380.9,0.169495
15388.2,0.0570684
15395.5,0.0179332
15402.8,0.118866
15410.2,0.0855916
15417.5,0.121581
15424.8,0.011109
15432.1,0.0787041
15439.5,0.0804524
15446.8,0.0640824
15454.1,0.0875132
15461.4,0.0525654
15468.8,0.0889508
15476.1,0.0936572
15483.4,0.120778
15490.7,0.0969755
15498,0.12652
15505.4,0.0466077
15512.7,0.0551894
15520,0.0595991
15527.3,0.0435072
15534.7,0.0422704
15542,0.059246
15549.3,0.128022
15556.6,0.0869819
15564,0.112565
15571.3,0.172743
15578.6,0.106315
15585.9,0.0329658
15593.3,0.0647841
15600.6,0.0886652
15607.9,0.0220167
15615.2,0.0598365
15622.6,0.0779929
15629.9,0.0496035
15637.2,0.0424155
15644.5,0.0971485
15651.9,0.0536441
15659.2,0.0802378
15666.5,0.0312916
15673.8,0.0716848
15681.2,0.0755068
15688.5,0.0510122
15695.8,0.123386
15703.1,0.0725435
15710.4,0.0720908
15717.8,0.070719
15725.1,0.0701089
15732.4,0.0389326
15739.7,0.0336148
15747.1,0.0144759
15754.4,0.0656797
15761.7,0.0417187
15769,0.0179152
15776.4,0.113904
15783.7,0.0848944
15791,0.096808
15798.3,0.0957221
15805.7,0.0294709
15813,0.119964
15820.3,0.14342
15827.6,0.0521695
15835,0.114429
15842.3,0.0662932
15849.6,0.0379553
15856.9,0.0763333
15864.3,0.0737466
15871.6,0.204706
15878.9,0.0565964
15886.2,0.136755
15893.6,0.0577341
15900.9,0.105644
15908.2,0.223077
15915.5,0.154391
15922.9,0.0861619
15930.2,0.0775372
15937.5,0.138843
15944.8,0.0826123
15952.1,0.150075
15959.5,0.101435
15966.8,0.107499
15974.1,0.0689878
15981.4,0.0677449
15988.8,0.0262644
15996.1,0.0716433
16003.4,0.0469283
16010.7,0.0537713
16018.1,0.0228651
16025.4,0.0771486
16032.7,0.047521
16040,0.108068
16047.4,0.144072
16054.7,0.178068
16062,0.0725666
16069.3,0.0804853
16076.7,0.0829977
16084,0.0547525
16091.3,0.0852232
16098.6,0.096526
16106,0.0367598
16113.3,0.0901342
16120.6,0.0797692
16127.9,0.0368506
16135.3,0.0669869
16142.6,0.0490143
16149.9,0.0723131
16157.2,0.00268777
16164.6,0.00879702
16171.9,0.0202251
16179.2,0.107585
16186.5,0.126432
16193.8,0.0745453
16201.2,0.0369194
16208.5,0.10501
16215.8,0.168765
16223.1,0.152137
16230.5,0.153597
16237.8,0.0959727
16245.1,0.0560397
16252.4,0.107038
16259.8,0.136049
16267.1,0.0624397
16274.4,0.112514
16281.7,0.109992
16289.1,0.0820307
16296.4,0.0728735
16303.7,0.0672067
16311,0.0587262
16318.4,0.0894311
16325.7,0.026784
16333,0.0470577
16340.3,0.128192
16347.7,0.188929
16355,0.055385
16362.3,0.0485874
16369.6,0.0999739
16377,0.103009
16384.3,0.0280694
16391.6,0.00708994
16398.9,0.0531886
16406.3,0.054712
16413.6,0.0305671
16420.9,0.112534
16428.2,0.170343
16435.5,0.0566377
16442.9,0.105193
16450.2,0.0797664
16457.5,0.091923
16464.8,0.0845637
16472.2,0.0407419
16479.5,0.0714663
16486.8,0.0327776
16494.1,0.0905127
16501.5,0.0779857
16508.8,0.127964
16516.1,0.120687
16523.4,0.0786791
16530.8,0.0446684
16538.1,0.0702562
16545.4,0.0216824
16552.7,0.0629617
16560.1,0.0128527
16567.4,0.0483797
16574.7,0.0827669
16582,0.143281
16589.4,0.0406016
16596.7,0.00930199
16604,0.0811689
16611.3,0.0523266
16618.7,0.0962213
16626,0.106149
16633.3,0.103332
16640.6,0.103567
16647.9,0.0364427
16655.3,0.0546179
16662.6,0.0223721
16669.9,0.0772349
16677.2,0.0304076
16684.6,0.115123
16691.9,0.0217974
16699.2,0.0896091
16706.5,0.0254611
16713.9,0.0677132
16721.2,0.131648
16728.5,0.123631
16735.8,0.0644809
16743.2,0.053788
16750.5,0.0446963
16757.8,0.13892
16765.1,0.107957
16772.5,0.0290961
16779.8,0.0755794
16787.1,0.0758181
16794.4,0.159442
16801.8,0.0264707
16809.1,0.14857
16816.4,0.0699568
16823.7,0.126866
16831.1,0.0557275
16838.4,0.106021
16845.7,0.0581824
16853,0.0206896
16860.4,0.0604985
16867.7,0.0302945
16875,0.0569722
16882.3,0.100289
16889.6,0.0186902
16897,0.128006
16904.3,0.0174375
16911.6,0.0947755
16918.9,0.0159317
16926.3,0.143418
16933.6,0.0317287
16940.9,0.148094
16948.2,0.130294
16955.6,0.100628
16962.9,0.0336844
16970.2,0.100153
16977.5,0.0286119
16984.9,0.0985008
16992.2,0.0594865
16999.5,0.081415
17006.8,0.0461821
17014.2,0.0747573
17021.5,0.0511162
17028.8,0.0729361
17036.1,0.0721749
17043.5,0.00881714
17050.8,0.0940504
17058.1,0.13073
17065.4,0.0716485
17072.8,0.112692
17080.1,0.0559532
17087.4,0.147103
17094.7,0.0542312
17102.1,0.0194167
17109.4,0.025957
17116.7,0.0856939
17124,0.0653022
17131.3,0.111322
17138.7,0.0305234
17146,0.0395373
17153.3,0.171367
17160.6,0.0748699
17168,0.0728
17175.3,0.170044
17182.6,0.0830289
17189.9,0.083334
17197.3,0.026737
17204.6,0.0668398
17211.9,0.0899008
17219.2,0.0146815
17226.6,0.0588132
17233.9,0.0585105
17241.2,0.122235
17248.5,0.0523006
17255.9,0.0921018
17263.2,0.0808502
17270.5,0.109271
17277.8,0.0381686
17285.2,0.110687
17292.5,0.0630844
17299.8,0.0700949
17307.1,0.0502149
17314.5,0.119569
17321.8,0.0369987
17329.1,0.148385
17336.4,0.0370729
17343.8,0.0644441
17351.1,0.196059
17358.4,0.103131
17365.7,0.0438378
17373,0.0823084
17380.4,0.0727432
17387.7,0.0117183
17395,0.070577
17402.3,0.0175328
17409.7,0.102095
17417,0.0407778
17424.3,0.0939275
17431.6,0.0918664
17439,0.0430739
17446.3,0.108732
17453.6,0.113731
17460.9,0.0310612
17468.3,0.0670825
17475.6,0.138485
17482.9,0.0267256
17490.2,0.0167482
17497.6,0.0746582
17504.9,0.103552
17512.2,0.068441
17519.5,0.0388553
17526.9,0.0198708
17534.2,0.0971005
17541.5,0.0603317
17548.8,0.0138376
17556.2,0.0426937
17563.5,0.0853655
17570.8,0.0803721
17578.1,0.0636553
17585.4,0.086217
17592.8,0.106304
17600.1,0.0784577
17607.4,0.0806683
17614.7,0.0798506
17622.1,0.125801
17629.4,0.142123
17636.7,0.0575214
17644,0.0410338
17651.4,0.0820975
17658.7,0.171085
17666,0.0826176
17673.3,0.315475
17680.7,0.0583069
17688,0.129208
17695.3,0.292874
17702.6,0.455713
17710,0.334754
17717.3,1.69373
17724.6,0.328311
17731.9,0.334917
17739.3,0.159117
17746.6,1.11233
17753.9,0.283202
17761.2,0.168999
17768.6,0.276106
17775.9,0.533666
17783.2,0.576675
17790.5,0.747069
17797.9,0.118711
17805.2,0.791804
17812.5,0.120455
17819.8,0.0964549
17827.1,0.00357271
17834.5,0.17908
17841.8,0.0627745
17849.1,0.179566
17856.4,0.0769354
17863.8,0.0724551
17871.1,0.123578
17878.4,0.026107
17885.7,0.165282
17893.1,0.109559
17900.4,0.0513064
17907.7,0.12077
17915,0.0671762
17922.4,0.0486426
17929.7,0.106763
17937,0.101562
17944.3,0.0311158
17951.7,0.114266
17959,0.046446
17966.3,0.114005
17973.6,0.112638
17981,0.180156
17988.3,0.165631
17995.6,0.108758
18002.9,0.0703581
18010.3,0.174106
18017.6,0.0964375
18024.9,0.2056
18032.2,0.12817
18039.6,0.108177
18046.9,0.0205312
18054.2,0.06184
18061.5,0.124822
18068.8,0.180808
18076.2,0.112414
18083.5,0.16879
18090.8,0.0410233
18098.1,0.0481559
18105.5,0.19298
18112.8,0.125115
18120.1,0.0712358
18127.4,0.160455
18134.8,0.211774
18142.1,0.113757
18149.4,0.123204
18156.7,0.148163
18164.1,0.11543
18171.4,0.0639558
18178.7,0.111638
18186,0.133105
18193.4,0.0475097
18200.7,0.240785
18208,0.0928445
18215.3,0.0436129
18222.7,0.230667
18230,0.206974
18237.3,0.204914
18244.6,0.313858
18252,0.246012
18259.3,0.27836
18266.6,0.347231
18273.9,0.267805
18281.3,0.412904
18288.6,0.0361904
18295.9,0.0214082
18303.2,0.235394
18310.5,0.373662
18317.9,0.0775462
18325.2,0.0651487
18332.5,0.16222
18339.8,0.0189602
18347.2,0.0417814
18354.5,0.311441
18361.8,0.308667
18369.1,0.495677
18376.5,0.562081
18383.8,0.15867
18391.1,0.133001
18398.4,0.0217298
18405.8,0.0863555
18413.1,0.196403
18420.4,0.164903
18427.7,0.0948871
18435.1,0.135999
18442.4,0.100394
18449.7,0.317798
18457,0.0748298
18464.4,0.107411
18471.7,0.222879
18479,0.350558
18486.3,0.201361
18493.7,0.0574146
18501,0.173985
18508.3,0.116961
18515.6,0.0234928
18522.9,0.429882
18530.3,0.459159
18537.6,0.203659
18544.9,0.293678
18552.2,0.132204
18559.6,0.32789
18566.9,0.668945
18574.2,2.50158
18581.5,0.600185
18588.9,0.902645
18596.2,0.0983459
18603.5,0.179734
18610.8,0.239103
18618.2,0.0989195
18625.5,0.304347
18632.8,0.187985
18640.1,0.0688017
18647.5,0.163819
18654.8,0.228209
18662.1,0.168653
18669.4,0.076456
18676.8,0.254843
18684.1,0.132089
18691.4,0.316056
18698.7,0.503748
18706.1,0.277115
18713.4,0.0418337
18720.7,0.203933
18728,0.459733
18735.4,0.578964
18742.7,0.926286
18750,0.350997
18757.3,0.102225
18764.6,0.327922
18772,0.36963
18779.3,0.0966458
18786.6,0.307222
18793.9,0.405743
18801.3,0.285194
18808.6,0.954389
18815.9,0.0743181
18823.2,0.125317
18830.6,0.0303709
18837.9,0.122575
18845.2,0.124745
18852.5,0.16613
18859.9,0.170964
18867.2,0.0264674
18874.5,0.106444
18881.8,0.100239
18889.2,0.07298
18896.5,0.0102076
18903.8,0.286238
18911.1,0.0488556
18918.5,0.167038
18925.8,0.0289337
18933.1,0.250676
18940.4,0.0308386
18947.8,0.195013
18955.1,0.060098
18962.4,0.205964
18969.7,0.161992
18977.1,0.0744376
18984.4,0.143211
18991.7,0.143203
18999,0.0738373
19006.3,0.00830732
19013.7,0.105764
19021,0.170751
19028.3,0.186484
19035.6,0.141054
19043,0.17793
19050.3,0.236453
19057.6,0.231039
19064.9,0.0625613
19072.3,0.0827739
19079.6,0.0846083
19086.9,0.111805
19094.2,0.103038
19101.6,0.0227914
19108.9,0.044963
19116.2,0.0993453
19123.5,0.114202
19130.9,0.0438501
19138.2,0.111556
19145.5,0.0915499
19152.8,0.0466238
19160.2,0.0491004
19167.5,0.212977
19174.8,0.138771
19182.1,0.133061
19189.5,0.0872485
19196.8,0.113499
19204.1,0.110157
19211.4,0.263513
19218.8,0.0673651
19226.1,0.174218
19233.4,0.298604
19240.7,0.0334651
19248,0.0584339
19255.4,0.0901275
19262.7,0.22346
19270,0.125831
19277.3,0.131506
19284.7,0.0117358
19292,0.073751
19299.3,0.0763787
19306.6,0.127255
19314,0.0571294
19321.3,0.0307253
19328.6,0.0364552
19335.9,0.0901729
19343.3,0.188964
19350.6,0.0305691
19357.9,0.0486012
19365.2,0.106282
19372.6,0.114021
19379.9,0.0352548
19387.2,0.0719371
19394.5,0.0487252
19401.9,0.104097
19409.2,0.0793133
19416.5,0.0743404
19423.8,0.0574743
19431.2,0.0975429
19438.5,0.037866
19445.8,0.108249
19453.1,0.0414958
19460.4,0.21599
19467.8,0.0627847
19475.1,0.155633
19482.4,0.170171
19489.7,0.0641501
19497.1,0.0987904
19504.4,0.0414809
19511.7,0.0164636
19519,0.117626
19526.4,0.0847148
19533.7,0.0710937
19541,0.062347
19548.3,0.0537109
19555.7,0.137336
19563,0.134132
19570.3,0.0880929
19577.6,0.0381203
19585,0.0649615
19592.3,0.136797
19599.6,0.0197334
19606.9,0.0765679
19614.3,0.0453189
19621.6,0.108584
19628.9,0.0176142
19636.2,0.0683615
19643.6,0.0616691
19650.9,0.0634322
19658.2,0.152605
19665.5,0.056073
19672.9,0.0746401
19680.2,0.0807716
19687.5,0.0482866
19694.8,0.0114629
19702.1,0.0303844
19709.5,0.0989308
19716.8,0.0645673
19724.1,0.0252484
19731.4,0.0332501
19738.8,0.123778
19746.1,0.149466
19753.4,0.0687163
19760.7,0.116306
19768.1,0.0313991
19775.4,0.495219
19782.7,0.117853
19790,0.0747202
19797.4,0.105732
19804.7,0.0745598
19812,0.0520104
19819.3,0.0852376
19826.7,0.0797835
19834,0.0407417
19841.3,0.0876059
19848.6,0.106605
19856,0.052434
19863.3,0.0626439
19870.6,0.0355732
19877.9,0.0467294
19885.3,0.031137
19892.6,0.0796769
19899.9,0.0674031
19907.2,0.0269449
19914.6,0.022658
19921.9,0.115258
19929.2,0.0960678
19936.5,0.0705238
19943.8,0.185005
19951.2,0.122072
19958.5,0.0275132
19965.8,0.121205
19973.1,0.0296218
19980.5,0.119158
19987.8,0.0313208
19995.1,0.128651
20002.4,0.0869342
20009.8,0.0537465
20017.1,0.107577
20024.4,0.0958387
20031.7,0.0711209
20039.1,0.17663
20046.4,0.160121
20053.7,0.0385726
20061,0.0627638
20068.4,0.104727
20075.7,0.127902
20083,0.0935782
20090.3,0.0788115
20097.7,0.0461431
20105,0.104744
20112.3,0.13204
20119.6,0.149755
20127,0.0428894
20134.3,0.123503
20141.6,0.122708
20148.9,0.0815575
20156.3,0.0239149
20163.6,0.134611
20170.9,0.211835
20178.2,0.308386
20185.5,0.0582628
20192.9,0.0686084
20200.2,0.044858
20207.5,0.0284794
20214.8,0.0493889
20222.2,0.112326
20229.5,0.0691828
20236.8,0.0915314
20244.1,0.123101
20251.5,0.00825624
20258.8,0.0860473
20266.1,0.0567887
20273.4,0.0783003
20280.8,0.0775231
20288.1,0.068458
20295.4,0.0461917
20302.7,0.0830824
20310.1,0.0624394
20317.4,0.0282937
20324.7,0.0730113
20332,0.0430231
20339.4,0.120324
20346.7,0.0175846
20354,0.0375709
20361.3,0.0844905
20368.7,0.0359204
20376,0.0217056
20383.3,0.0416448
20390.6,0.0397835
20397.9,0.0570556
20405.3,0.0931817
20412.6,0.0349225
20419.9,0.0930647
20427.2,0.139676
20434.6,0.0787327
20441.9,0.0655404
20449.2,0.0601787
20456.5,0.0637803
20463.9,0.0470859
20471.2,0.0609857
20478.5,0.0623002
20485.8,0.0324
20493.2,0.0502553
20500.5,0.0919957
20507.8,0.10463
20515.1,0.0750046
20522.5,0.0685689
20529.8,0.0656303
20537.1,0.0665706
20544.4,0.0286558
20551.8,0.0844429
20559.1,0.102626
20566.4,0.00137217
20573.7,0.0358874
20581.1,0.1001
20588.4,0.0456858
20595.7,0.0527322
20603,0.0617936
20610.4,0.0646554
20617.7,0.104489
20625,0.128123
20632.3,0.0855374
20639.6,0.0794717
20647,0.0762522
20654.3,0.0639559
20661.6,0.104115
20668.9,0.0451094
20676.3,0.102594
20683.6,0.0518099
20690.9,0.0438147
20698.2,0.0703653
20705.6,0.0557334
20712.9,0.0124397
20720.2,0.089161
20727.5,0.104484
20734.9,0.0185633
20742.2,0.0244174
20749.5,0.0334412
20756.8,0.0977379
20764.2,0.0331188
20771.5,0.0626641
20778.8,0.040269
20786.1,0.022492
20793.5,0.105027
20800.8,0.0844983
20808.1,0.0698197
20815.4,0.0734577
20822.8,0.0254747
20830.1,0.0788043
20837.4,0.063065
20844.7,0.0582976
20852.1,0.072385
20859.4,0.0815206
20866.7,0.106607
20874,0.0174113
20881.3,0.0708926
20888.7,0.0966371
20896,0.0115629
20903.3,0.0365838
20910.6,0.120219
20918,0.050246
20925.3,0.0822736
20932.6,0.0308462
20939.9,0.135654
20947.3,0.0780451
20954.6,0.0555155
20961.9,0.0485271
20969.2,0.0313219
20976.6,0.0615657
20983.9,0.072271
20991.2,0.0524276
20998.5,0.0466585
21005.9,0.139121
21013.2,0.0561513
21020.5,0.0670897
21027.8,0.119903
21035.2,0.0466913
21042.5,0.0241975
21049.8,0.0268775
21057.1,0.120748
21064.5,0.073452
21071.8,0.0151882
21079.1,0.0571722
21086.4,0.118628
21093.8,0.0250584
21101.1,0.0906381
21108.4,0.0857041
21115.7,0.0428123
21123,0.0639248
21130.4,0.0696965
21137.7,0.0458536
21145,0.0958016
21152.3,0.0826775
21159.7,0.0435882
21167,0.0126148
21174.3,0.0640886
21181.6,0.0770783
21189,0.0398297
21196.3,0.117217
21203.6,0.0477667
21210.9,0.0237278
21218.3,0.0683168
21225.6,0.0731486
21232.9,0.0215399
21240.2,0.0802154
21247.6,0.0812782
21254.9,0.0623769
21262.2,0.0393721
21269.5,0.13511
21276.9,0.0481005
21284.2,0.0936169
21291.5,0.0940977
21298.8,0.0649579
21306.2,0.0603457
21313.5,0.0837462
21320.8,0.0427164
21328.1,0.0169602
21335.4,0.0813179
21342.8,0.0119543
21350.1,0.0337465
21357.4,0.0359701
21364.7,0.0427551
21372.1,0.0782999
21379.4,0.0407891
21386.7,0.108482
21394,0.0254678
21401.4,0.010383
21408.7,0.0571744
21416,0.0766315
21423.3,0.156398
21430.7,0.0507246
21438,0.0743265
21445.3,0.132272
21452.6,0.0422243
21460,0.0430095
21467.3,0.0790747
21474.6,0.0337568
21481.9,0.0728753
21489.3,0.114009
21496.6,0.0422416
21503.9,0.090808
21511.2,0.0948424
21518.6,0.0545036
21525.9,0.0165384
21533.2,0.0611336
21540.5,0.0514532
21547.9,0.0455491
21555.2,0.0812646
21562.5,0.0379666
21569.8,0.10268
21577.1,0.0556223
21584.5,0.0482485
21591.8,0.116035
21599.1,0.0668101
21606.4,0.0499519
21613.8,0.00871864
21621.1,0.0557013
21628.4,0.0580975
21635.7,0.121694
21643.1,0.0676252
21650.4,0.136826
21657.7,0.0744434
21665,0.149031
21672.4,0.0341514
21679.7,0.10582
21687,0.0838682
21694.3,0.0835715
21701.7,0.0902516
21709,0.0242577
21716.3,0.0571712
21723.6,0.0205624
21731,0.0287002
21738.3,0.0417572
21745.6,0.0758305
21752.9,0.0492226
21760.3,0.021615
21767.6,0.0738102
21774.9,0.0605632
21782.2,0.0992589
21789.6,0.0797211
21796.9,0.0942275
21804.2,0.0395006
21811.5,0.184374
21818.8,0.0419415
21826.2,0.065234
21833.5,0.056722
21840.8,0.123904
21848.1,0.0373907
21855.5,0.0726783
21862.8,0.0898057
21870.1,0.0497964
21877.4,0.065412
21884.8,0.0386613
21892.1,0.104033
21899.4,0.12178
21906.7,0.0428891
21914.1,0.0537177
21921.4,0.104082
21928.7,0.085307
21936,0.042786
21943.4,0.116293
21950.7,0.0597505
21958,0.05723
21965.3,0.0846861
21972.7,0.0218674
21980,0.0532621
21987.3,0.0893913
21994.6,0.0478749
22002,0.0890401
22009.3,0.0358757
22016.6,0.0947459
22023.9,0.0908277
22031.3,0.0669838
22038.6,0.105086
22045.9,0.0109004
22053.2,0.100388
22060.5,0.0417858
22067.9,0.0285334
22075.2,0.0342875
22082.5,0.0541855
22089.8,0.0677423
22097.2,0.0764745
22104.5,0.124711
22111.8,0.0356631
22119.1,0.057062
22126.5,0.0609054
22133.8,0.0563055
22141.1,0.0609665
22148.4,0.0663095
22155.8,0.0712355
22163.1,0.0514501
22170.4,0.0987773
22177.7,0.0585917
22185.1,0.0391273
22192.4,0.0545939
22199.7,0.0419939
22207,0.0506958
22214.4,0.0576296
22221.7,0.0379721
22229,0.0239439
22236.3,0.0459005
22243.7,0.11535
22251,0.066896
22258.3,0.0612386
22265.6,0.146254
22272.9,0.025298
22280.3,0.0695587
22287.6,0.0367097
22294.9,0.0428279
22302.2,0.0500137
22309.6,0.0609633
22316.9,0.0544344
22324.2,0.0225979
22331.5,0.0840804
22338.9,0.0743878
22346.2,0.0397654
22353.5,0.137307
22360.8,0.0631365
22368.2,0.119999
22375.5,0.126796
22382.8,0.152578
22390.1,0.0798201
22397.5,0.0974231
22404.8,0.10339
22412.1,0.0268265
22419.4,0.0931259
22426.8,0.10065
22434.1,0.0415233
22441.4,0.0807907
22448.7,0.0108907
22456.1,0.0402806
22463.4,0.0804562
22470.7,0.0284644
22478,0.0560738
22485.4,0.0390644
22492.7,0.111493
22500,0.0303287
22507.3,0.118369
22514.6,0.0885016
22522,0.0673487
22529.3,0.0594787
22536.6,0.0776469
22543.9,0.0654537
22551.3,0.0259392
22558.6,0.120221
22565.9,0.0525739
22573.2,0.0211711
22580.6,0.0253395
22587.9,0.0151633
22595.2,0.0110515
22602.5,0.0295603
22609.9,0.0540423
22617.2,0.037782
22624.5,0.0257397
22631.8,0.0230078
22639.2,0.0976548
22646.5,0.0517505
22653.8,0.023829
22661.1,0.0552554
22668.5,0.100724
22675.8,0.0453916
22683.1,0.0367856
22690.4,0.0993103
22697.8,0.110277
22705.1,0.00945373
22712.4,0.101276
22719.7,0.0919483
22727.1,0.0131507
22734.4,0.0176702
22741.7,0.080303
22749,0.0494644
22756.3,0.0992571
22763.7,0.0711694
22771,0.0639758
22778.3,0.0676258
22785.6,0.106078
22793,0.0428266
22800.3,0.126662
22807.6,0.137842
22814.9,0.00813176
22822.3,0.0447625
22829.6,0.033511
22836.9,0.0823258
22844.2,0.0663495
22851.6,0.516384
22858.9,0.0558284
22866.2,0.139252
22873.5,0.0396226
22880.9,0.0328348
22888.2,0.0275766
22895.5,0.0456051
22902.8,0.0778157
22910.2,0.0982143
22917.5,0.0219917
22924.8,0.132228
22932.1,0.0427506
22939.5,0.0989705
22946.8,0.00978987
22954.1,0.0711549
22961.4,0.0335145
22968.8,0.0555275
22976.1,0.0608839
22983.4,0.0315187
22990.7,0.018002
22998,0.0686186
23005.4,0.0329853
23012.7,0.0551926
23020,0.0649643
23027.3,0.129057
23034.7,0.0606604
23042,0.0209051
23049.3,0.0347219
23056.6,0.0783354
23064,0.0121705
23071.3,0.0531547
23078.6,0.132892
23085.9,0.0294697
23093.3,0.0795464
23100.6,0.0702892
23107.9,0.0676047
23115.2,0.136238
23122.6,0.0433974
23129.9,0.0237253
23137.2,0.0652788
23144.5,0.0473106
23151.9,0.0491056
23159.2,0.09853
23166.5,0.106073
23173.8,0.0528587
23181.2,0.0416655
23188.5,0.0664872
23195.8,0.0880945
23203.1,0.0525398
23210.4,0.0919014
23217.8,0.0978019
23225.1,0.0497188
23232.4,0.0433041
23239.7,0.0988616
23247.1,0.097711
23254.4,0.0516695
23261.7,0.0459258
23269,0.0278312
23276.4,0.0444459
23283.7,0.0840949
23291,0.0566326
23298.3,0.0897176
23305.7,0.143303
23313,0.109029
23320.3,0.0214423
23327.6,0.0726152
23335,0.0709285
23342.3,0.0864632
23349.6,0.0789502
23356.9,0.134558
23364.3,0.0363326
23371.6,0.0778734
23378.9,0.0541417
23386.2,0.0594564
23393.6,0.0602749
23400.9,0.0584227
23408.2,0.109142
23415.5,0.0238548
23422.9,0.170923
23430.2,0.0714005
23437.5,0.191575
23444.8,0.0841775
23452.1,0.160288
23459.5,0.225738
23466.8,0.0788632
23474.1,0.15045
23481.4,0.234879
23488.8,0.482216
23496.1,0.0146068
23503.4,0.0672408
23510.7,0.125876
23518.1,0.0538978
23525.4,0.0457407
23532.7,0.0976703
23540,0.137682
23547.4,0.0448674
23554.7,0.0968953
23562,0.0838959
23569.3,0.0849911
23576.7,0.0289953
23584,0.0322634
23591.3,0.0536946
23598.6,0.103375
23606,0.0345507
23613.3,0.0976845
23620.6,0.0869794
23627.9,0.0799409
23635.3,0.0385533
23642.6,0.0436159
23649.9,0.111025
23657.2,0.0430977
23664.6,0.0657297
23671.9,0.0636837
23679.2,0.106831
23686.5,0.0349336
23693.8,0.0628318
23701.2,0.0485999
23708.5,0.0537629
23715.8,0.0437028
23723.1,0.0864312
23730.5,0.0521637
23737.8,0.0806526
23745.1,0.0378866
23752.4,0.0927468
23759.8,0.0329873
23767.1,0.051616
23774.4,0.0396241
23781.7,0.0671491
23789.1,0.290527
23796.4,0.129199
23803.7,0.219634
23811,0.0513052
23818.4,0.0662701
23825.7,0.116263
23833,0.0757005
23840.3,0.03593
23847.7,0.0365944
23855,0.064508
23862.3,0.0608879
23869.6,0.130825
23877,0.0132895
23884.3,0.0761297
23891.6,0.0520129
23898.9,0.115618
23906.3,0.0816219
23913.6,0.103182
23920.9,0.204739
23928.2,0.0708472
23935.5,0.102716
23942.9,0.0628749
23950.2,0.099033
23957.5,0.102257
23964.8,0.0635684
23972.2,0.110068
23979.5,0.0796574
23986.8,0.0304761
23994.1,0.0596336
24001.5,0.0324185
24008.8,0.0597633
24016.1,0.0138585
24023.4,0.0295894
24030.8,0.0242894
24038.1,0.0783589
24045.4,0.0703409
24052.7,0.0362159
24060.1,0.0847178
24067.4,0.0287804
24074.7,0.0419628
24082,0.0356694
24089.4,0.0598669
24096.7,0.0912156
24104,0.0798735
24111.3,0.114617
24118.7,0.118493
24126,0.047636
24133.3,0.00416762
24140.6,0.0342096
24147.9,0.0707266
24155.3,0.167043
24162.6,0.109126
24169.9,0.0464552
24177.2,0.0410966
24184.6,0.103079
24191.9,0.0866802
24199.2,0.0843
24206.5,0.125158
24213.9,0.0669416
24221.2,0.101656
24228.5,0.0315722
24235.8,0.110217
24243.2,0.0332318
24250.5,0.0139008
24257.8,0.0657171
24265.1,0.0735768
24272.5,0.0161247
24279.8,0.0398275
24287.1,0.0460454
24294.4,0.0220047
24301.8,0.0615026
24309.1,0.0419164
24316.4,0.0277349
24323.7,0.05237
24331.1,0.145977
24338.4,0.0616806
24345.7,0.0706987
24353,0.00839048
24360.4,0.0490744
24367.7,0.0859886
24375,0.045235
24382.3,0.0810645
24389.6,0.0631664
24397,0.0639041
24404.3,0.067086
24411.6,0.077706
24418.9,0.0711034
24426.3,0.0511458
24433.6,0.109153
24440.9,0.0497504
24448.2,0.0352111
24455.6,0.063635
24462.9,0.0224248
24470.2,0.0770624
24477.5,0.0247195
24484.9,0.0792034
24492.2,0.0622384
24499.5,0.124298
24506.8,0.0693056
24514.2,0.0498796
24521.5,0.0386193
24528.8,0.115249
24536.1,0.0794872
24543.5,0.0814557
24550.8,0.0339684
24558.1,0.0306656
24565.4,0.0246381
24572.8,0.0138195
24580.1,0.0298394
24587.4,0.0127289
24594.7,0.094264
24602.1,0.0945261
24609.4,0.0458609
24616.7,0.0986712
24624,0.0933919
24631.3,0.0456613
24638.7,0.0519187
24646,0.0524728
24653.3,0.0468837
24660.6,0.0389135
24668,0.065297
24675.3,0.0717364
24682.6,0.0714383
24689.9,0.104009
24697.3,0.0355265
24704.6,0.0740519
24711.9,0.0656162
24719.2,0.0885993
24726.6,0.0474558
24733.9,0.0771262
24741.2,0.0467088
24748.5,0.0957642
24755.9,0.0538399
24763.2,0.0828241
24770.5,0.047701
24777.8,0.0327352
24785.2,0.0309544
24792.5,0.0580975
24799.8,0.0541085
24807.1,0.029022
24814.5,0.0810795
24821.8,0.054217
24829.1,0.0406887
24836.4,0.0341173
24843.8,0.0664485
24851.1,0.166497
24858.4,0.0541342
24865.7,0.0890487
24873,0.0388186
24880.4,0.0788257
24887.7,0.12939
24895,0.102607
24902.3,0.0506157
24909.7,0.0596342
24917,0.0617508
24924.3,0.037301
24931.6,0.0644137
24939,0.0927157
24946.3,0.108953
24953.6,0.0599147
24960.9,0.0226696
24968.3,0.107758
24975.6,0.0240269
24982.9,0.0493051
24990.2,0.0645918
24997.6,0.0738562
25004.9,0.0645413
25012.2,0.029096
25019.5,0.0217496
25026.9,0.0350654
25034.2,0.0548546
25041.5,0.0904012
25048.8,0.0373024
25056.2,0.0205756
25063.5,0.0426538
25070.8,0.0206754
25078.1,0.0550625
25085.4,0.16496
25092.8,0.0503386
25100.1,0.0502892
25107.4,0.189882
25114.7,0.0297555
25122.1,0.0638617
25129.4,0.12361
25136.7,0.0298765
25144,0.0441976
25151.4,0.0782271
25158.7,0.0625073
25166,0.0696827
25173.3,0.124661
25180.7,0.0627223
25188,0.0612906
25195.3,0.0292274
25202.6,0.0472215
25210,0.0619016
25217.3,0.0826375
25224.6,0.101462
25231.9,0.0609381
25239.3,0.0304168
25246.6,0.0558272
25253.9,0.0729297
25261.2,0.100082
25268.6,0.0472237
25275.9,0.116995
25283.2,0.0972029
25290.5,0.0491178
25297.9,0.0912649
25305.2,0.0956318
25312.5,0.108193
25319.8,0.0774559
25327.1,0.0433322
25334.5,0.0772442
25341.8,0.0574859
25349.1,0.0710611
25356.4,0.0486132
25363.8,0.0592534
25371.1,0.120237
25378.4,0.0382522
25385.7,0.045852
25393.1,0.0562669
25400.4,0.0547755
25407.7,0.0732606
25415,0.0364503
25422.4,0.057465
25429.7,0.0276728
25437,0.0874448
25444.3,0.107016
25451.7,0.0129076
25459,0.0575676
25466.3,0.0387248
25473.6,0.0768748
25481,0.0553402
25488.3,0.0754162
25495.6,0.0326025
25502.9,0.0643441
25510.3,0.0950803
25517.6,0.0520327
25524.9,0.0772408
25532.2,0.031801
25539.6,0.0321177
25546.9,0.0774597
25554.2,0.0790333
25561.5,0.0826776
25568.8,0.0617387
25576.2,0.0813292
25583.5,0.0650491
25590.8,0.0440696
25598.1,0.0963615
25605.5,0.0341807
25612.8,0.0674161
25620.1,0.0485942
25627.4,0.0863558
25634.8,0.0385288
25642.1,0.0290114
25649.4,0.0776787
25656.7,0.0554127
25664.1,0.0681331
25671.4,0.0625119
25678.7,0.0417401
25686,0.0183143
25693.4,0.0552946
25700.7,0.141864
25708,0.035331
25715.3,0.00522763
25722.7,0.0533778
25730,0.0527814
25737.3,0.0236129
25744.6,0.0682625
25752,0.0120772
25759.3,0.0240532
25766.6,0.0361011
25773.9,0.0224163
25781.3,0.126431
25788.6,0.0747514
25795.9,0.0639741
25803.2,0.0509536
25810.5,0.00541408
25817.9,0.0755474
25825.2,0.0747137
25832.5,0.0275704
25839.8,0.0825264
25847.2,0.0225039
25854.5,0.0266872
25861.8,0.055365
25869.1,0.0910368
25876.5,0.0891732
25883.8,0.0084759
25891.1,0.0567448
25898.4,0.0514147
25905.8,0.0507196
25913.1,0.113723
25920.4,0.0164548
25927.7,0.0663822
25935.1,0.0398754
25942.4,0.0267059
25949.7,0.0678006
25957,0.0082483
25964.4,0.0592879
25971.7,0.0281358
25979,0.0490863
25986.3,0.0583293
25993.7,0.012428
26001,0.0937058
26008.3,0.0151071
26015.6,0.00407939
26022.9,0.00283618
26030.3,0.0389488
26037.6,0.0237279
26044.9,0.0490155
26052.2,0.112849
26059.6,0.0192548
26066.9,0.087095
26074.2,0.0517025
26081.5,0.0888997
26088.9,0.0866832
26096.2,0.0345421
26103.5,0.0541916
26110.8,0.0434122
26118.2,0.0669509
26125.5,0.0423685
26132.8,0.0937138
26140.1,0.118349
26147.5,0.0576396
26154.8,0.0839046
26162.1,0.0429847
26169.4,0.0243994
26176.8,0.0285986
26184.1,0.0998122
26191.4,0.060147
26198.7,0.0598196
26206.1,0.0815379
26213.4,0.0924962
26220.7,0.0695855
26228,0.0695938
26235.4,0.108522
26242.7,0.0614224
26250,0.0621097
26257.3,0.0371112
26264.6,0.0643136
26272,0.0961687
26279.3,0.0506082
26286.6,0.0350933
26293.9,0.033053
26301.3,0.118361
26308.6,0.0556523
26315.9,0.00898932
26323.2,0.0052817
26330.6,0.120619
26337.9,0.032524
26345.2,0.0178257
26352.5,0.0366202
26359.9,0.0831161
26367.2,0.0596277
26374.5,0.0748516
26381.8,0.0687004
26389.2,0.0432784
26396.5,0.0665523
26403.8,0.0496442
26411.1,0.032583
26418.5,0.0637938
26425.8,0.0272597
26433.1,0.0549961
26440.4,0.121993
26447.8,0.0723076
26455.1,0.0777017
26462.4,0.0410362
26469.7,0.0264173
26477.1,0.095647
26484.4,0.057052
26491.7,0.105231
26499,0.0434496
26506.3,0.0615157
26513.7,0.0785967
26521,0.0286163
26528.3,0.0946876
26535.6,0.0451794
26543,0.0872
26550.3,0.0763314
26557.6,0.0923115
26564.9,0.0133722
26572.3,0.0896867
26579.6,0.0416076
26586.9,0.0649659
26594.2,0.0431624
26601.6,0.031226
26608.9,0.0466384
26616.2,0.0578282
26623.5,0.0327284
26630.9,0.0144724
26638.2,0.0791935
26645.5,0.0384772
26652.8,0.0615461
26660.2,0.119181
26667.5,0.0694375
26674.8,0.11961
26682.1,0.0349598
26689.5,0.121698
26696.8,0.0174027
26704.1,0.0237542
26711.4,0.0910833
26718.8,0.0758915
26726.1,0.0257859
26733.4,0.0339296
26740.7,0.0224332
26748,0.0380429
26755.4,0.0860567
26762.7,0.0994718
26770,0.0737623
26777.3,0.163734
26784.7,0.00789766
26792,0.0878756
26799.3,0.15002
26806.6,0.0447116
26814,0.0824001
26821.3,0.0205219
26828.6,0.0266623
26835.9,0.105266
26843.3,0.123154
26850.6,0.0735436
26857.9,0.0174833
26865.2,0.0686264
26872.6,0.034945
26879.9,0.12403
26887.2,0.0380433
26894.5,0.0291599
26901.9,0.0408373
26909.2,0.0672908
26916.5,0.0761136
26923.8,0.107141
26931.2,0.0640623
26938.5,0.0262967
26945.8,0.102313
26953.1,0.0552009
26960.4,0.0633183
26967.8,0.0296814
26975.1,0.0944934
26982.4,0.125471
26989.7,0.0175783
26997.1,0.0432657
27004.4,0.0636075
27011.7,0.0321295
27019,0.0227214
27026.4,0.07215
27033.7,0.0886798
27041,0.115376
27048.3,0.0179975
27055.7,0.107196
27063,0.096112
27070.3,0.077056
27077.6,0.0780354
27085,0.0266546
27092.3,0.0762553
27099.6,0.0836246
27106.9,0.0246365
27114.3,0.139155
27121.6,0.0225413
27128.9,0.0396034
27136.2,0.101253
27143.6,0.0502989
27150.9,0.0123614
27158.2,0.131538
27165.5,0.0694437
27172.9,0.0581563
27180.2,0.11259
27187.5,0.103881
27194.8,0.172688
27202.1,0.185756
27209.5,0.147978
27216.8,0.137217
27224.1,0.00700323
27231.4,0.0465309
27238.8,0.0152067
27246.1,0.135196
27253.4,0.0444056
27260.7,0.0258312
27268.1,0.0819829
27275.4,0.130609
27282.7,0.0909666
27290,0.0899312
27297.4,0.110524
27304.7,0.113775
27312,0.0416754
27319.3,0.0477271
27326.7,0.0792551
27334,0.024854
27341.3,0.0150975
27348.6,0.0300536
27356,0.102658
27363.3,0.0847649
27370.6,0.0488144
27377.9,0.123072
27385.3,0.0840174
27392.6,0.0211319
27399.9,0.0796235
27407.2,0.0437279
27414.6,0.0720814
27421.9,0.0242796
27429.2,0.0029285
27436.5,0.0158383
27443.8,0.0142469
27451.2,0.0539803
27458.5,0.0608268
27465.8,0.0951665
27473.1,0.0433427
27480.5,0.0383739
27487.8,0.0402535
27495.1,0.0957815
27502.4,0.0983339
27509.8,0.0211542
27517.1,0.060527
27524.4,0.04672
27531.7,0.0572492
27539.1,0.0970868
27546.4,0.0550697
27553.7,0.0719644
27561,0.0625571
27568.4,0.0109287
27575.7,0.0755567
27583,0.109842
27590.3,0.0448196
27597.7,0.0765589
27605,0.0632206
27612.3,0.0600863
27619.6,0.00332903
27627,0.0275994
27634.3,0.0944222
27641.6,0.0891087
27648.9,0.095139
27656.3,0.0462589
27663.6,0.157201
27670.9,0.0456522
27678.2,0.0923555
27685.5,0.121036
27692.9,0.0975288
27700.2,0.0782513
27707.5,0.0647257
27714.8,0.0944022
27722.2,0.0323184
27729.5,0.0285318
27736.8,0.100012
27744.1,0.0631644
27751.5,0.0624309
27758.8,0.127479
27766.1,0.0663807
27773.4,0.0153557
27780.8,0.0323957
27788.1,0.00951986
27795.4,0.0412576
27802.7,0.0629848
27810.1,0.183302
27817.4,0.0340212
27824.7,0.0485992
27832,0.0760742
27839.4,0.0575832
27846.7,0.0678595
27854,0.0806292
27861.3,0.600716
27868.7,0.133659
27876,0.0413619
27883.3,0.0324471
27890.6,0.0221097
27897.9,0.0276441
27905.3,0.0352977
27912.6,0.0866817
27919.9,0.141863
27927.2,0.0857147
27934.6,0.0538652
27941.9,0.0712157
27949.2,0.0591298
27956.5,0.0240831
27963.9,0.0891037
27971.2,0.0426633
27978.5,0.0232082
27985.8,0.00449123
27993.2,0.00248391
28000.5,0.0958162
28007.8,0.0832122
28015.1,0.0808144
28022.5,0.0584222
28029.8,0.122308
28037.1,0.0467021
28044.4,0.0438586
28051.8,0.0803919
28059.1,0.0300498
28066.4,0.0996538
28073.7,0.107797
28081.1,0.0455232
28088.4,0.0417646
28095.7,0.0909717
28103,0.054748
28110.4,0.0841761
28117.7,0.100891
28125,0.0648577
28132.3,0.0419994
28139.6,0.0743415
28147,0.128831
28154.3,0.0520007
28161.6,0.0853932
28168.9,0.0741808
28176.3,0.0814054
28183.6,0.114873
28190.9,0.066019
28198.2,0.105786
28205.6,0.0203822
28212.9,0.0778256
28220.2,0.0735826
28227.5,0.0476887
28234.9,0.111913
28242.2,0.0194086
28249.5,0.102624
28256.8,0.0263929
28264.2,0.0797494
28271.5,0.0858287
28278.8,0.0331459
28286.1,0.0641309
28293.5,0.145489
28300.8,0.0279792
28308.1,0.0348084
28315.4,0.129545
28322.8,0.0492566
28330.1,0.0790143
28337.4,0.0200452
28344.7,0.083859
28352.1,0.0606831
28359.4,0.0393026
28366.7,0.0476147
28374,0.0638987
28381.3,0.0648498
28388.7,0.0302348
28396,0.086757
28403.3,0.0351379
28410.6,0.0808867
28418,0.0972438
28425.3,0.0856605
28432.6,0.0841548
28439.9,0.0928111
28447.3,0.0635943
28454.6,0.0376516
28461.9,0.126538
28469.2,0.035277
28476.6,0.10926
28483.9,0.0936702
28491.2,0.0677841
28498.5,0.1194
28505.9,0.113781
28513.2,0.086681
28520.5,0.0146463
28527.8,0.0613833
28535.2,0.0121894
28542.5,0.0386207
28549.8,0.129246
28557.1,0.0924307
28564.5,0.0587256
28571.8,0.0883072
28579.1,0.0690366
28586.4,0.0763515
28593.8,0.0723515
28601.1,0.0912593
28608.4,0.0947254
28615.7,0.0941214
28623,0.156695
28630.4,0.135536
28637.7,0.116192
28645,0.0376576
28652.3,0.0173055
28659.7,0.0714597
28667,0.0115297
28674.3,0.092223
28681.6,0.134391
28689,0.052227
28696.3,0.147858
28703.6,0.0593263
28710.9,0.0473152
28718.3,0.0402919
28725.6,0.0768541
28732.9,0.0428578
28740.2,0.0757041
28747.6,0.0301984
28754.9,0.0789096
28762.2,0.0413914
28769.5,0.108872
28776.9,0.10265
28784.2,0.0851692
28791.5,0.0844817
28798.8,0.154561
28806.2,0.0734124
28813.5,0.144076
28820.8,0.0335808
28828.1,0.0463107
28835.4,0.0844985
28842.8,0.0384309
28850.1,0.0568356
28857.4,0.0116038
28864.7,0.0233521
28872.1,0.113567
28879.4,0.0633946
28886.7,0.050861
28894,0.102668
28901.4,0.100997
28908.7,0.0790715
28916,0.01971
28923.3,0.0353184
28930.7,0.100389
28938,0.0183041
28945.3,0.145511
28952.6,0.152782
28960,0.156893
28967.3,0.0716143
28974.6,0.030179
28981.9,0.032158
28989.3,0.0739259
28996.6,0.0720523
29003.9,0.0290138
29011.2,0.0688697
29018.6,0.0881488
29025.9,0.0413426
29033.2,0.0991283
29040.5,0.225759
29047.9,0.083271
29055.2,0.0726561
29062.5,0.0128766
29069.8,0.0803508
29077.1,0.129637
29084.5,0.171026
29091.8,0.116959
29099.1,0.0963131
29106.4,0.0928168
29113.8,0.0723813
29121.1,0.0259081
29128.4,0.0635012
29135.7,0.0376812
29143.1,0.0566325
29150.4,0.0971505
29157.7,0.0279942
29165,0.0239694
29172.4,0.105958
29179.7,0.137674
29187,0.0954778
29194.3,0.0108187
29201.7,0.0578762
29209,0.0349534
29216.3,0.0230172
29223.6,0.0139757
29231,0.0549048
29238.3,0.034376
29245.6,0.124673
29252.9,0.0766218
29260.3,0.0313551
29267.6,0.121098
29274.9,0.111404
29282.2,0.0350404
29289.6,0.0686578
29296.9,0.0257508
29304.2,0.0355691
29311.5,0.0830377
29318.8,0.0696355
29326.2,0.00594894
29333.5,0.0555243
29340.8,0.0817259
29348.1,0.233664
29355.5,0.12075
29362.8,0.126185
29370.1,0.0525893
29377.4,0.0532762
29384.8,0.0229197
29392.1,0.0515458
29399.4,0.123375
29406.7,0.0573028
29414.1,0.071298
29421.4,0.0414579
29428.7,0.0931064
29436,0.0623133
29443.4,0.0842386
29450.7,0.040732
29458,0.0365459
29465.3,0.119552
29472.7,0.130437
29480,0.0849245
29487.3,0.0619044
29494.6,0.0437105
29502,0.0350454
29509.3,0.0579107
29516.6,0.0464805
29523.9,0.0223173
29531.3,0.130116
29538.6,0.0906402
29545.9,0.0732194
29553.2,0.0661677
29560.5,0.0666195
29567.9,0.0955968
29575.2,0.0759558
29582.5,0.0515262
29589.8,0.0506852
29597.2,0.0968961
29604.5,0.10722
29611.8,0.0909228
29619.1,0.0995906
29626.5,0.160191
29633.8,0.0405731
29641.1,0.0774933
29648.4,0.06968
29655.8,0.117064
29663.1,0.104603
29670.4,0.0311408
29677.7,0.0384249
29685.1,0.0471805
29692.4,0.0625712
29699.7,0.0659691
29707,0.0291083
29714.4,0.0679589
29721.7,0.109027
29729,0.118462
29736.3,0.121158
29743.7,0.0822963
29751,0.0525929
29758.3,0.0192094
29765.6,0.0748296
29772.9,0.0269431
29780.3,0.0234068
29787.6,0.0869416
29794.9,0.0254876
29802.2,0.0507078
29809.6,0.0579931
29816.9,0.0840256
29824.2,0.0357145
29831.5,0.0671062
29838.9,0.0410585
29846.2,0.094768
29853.5,0.031064
29860.8,0.0793873
29868.2,0.0683275
29875.5,0.0319124
29882.8,0.0944544
29890.1,0.0197558
29897.5,0.0385424
29904.8,0.0277329
29912.1,0.0382602
29919.4,0.049308
29926.8,0.0793507
29934.1,0.0671028
29941.4,0.0597325
29948.7,0.0431376
29956.1,0.022086
29963.4,0.0725854
29970.7,0.0521554
29978,0.0260361
29985.4,0.0492624
29992.7,0.0527543
